FLUX   34    18.61        1.610921E+16   4.4003E-98   4.4004E-98   0.99998
FLUX   35    19.10        1.569594E+16   1.1169E-95   1.1169E-95   0.99998
FLUX   36    19.39        1.546119E+16   2.5833E-94   2.5833E-94   0.99998
FLUX   37    19.84        1.511051E+16   2.8125E-92   2.8125E-92   0.99998
FLUX   38    20.18        1.485592E+16   8.4678E-91   8.4679E-91   0.99998
FLUX   39    20.50        1.462402E+16   1.8819E-89   1.8819E-89   0.99998
FLUX   40    21.05        1.424192E+16   3.0940E-87   3.0940E-87   0.99998
FLUX   41    21.62        1.386644E+16   4.6388E-85   4.6389E-85   0.99998
FLUX   42    21.98        1.363933E+16   9.5862E-84   9.5864E-84   0.99998
FLUX   43    22.30        1.344361E+16   1.2992E-82   1.2992E-82   0.99998
FLUX   44    22.68        1.321836E+16   2.6081E-81   2.6082E-81   0.99998
FLUX   45    23.00        1.303446E+16   3.0189E-80   3.0190E-80   0.99998
FLUX   46    23.40        1.281165E+16   5.8429E-79   5.8430E-79   0.99998
FLUX   47    24.00        1.249135E+16   4.1221E-77   4.1222E-77   0.99998
FLUX   48    24.65        1.216197E+16   3.2707E-75   3.2708E-75   0.99998
FLUX   49    25.24        1.187767E+16   1.4215E-73   1.4215E-73   0.99998
FLUX   50    25.68        1.167416E+16   2.1110E-72   2.1111E-72   0.99998
FLUX   51    26.00        1.153048E+16   1.4168E-71   1.4169E-71   0.99998
FLUX   52    26.40        1.135578E+16   1.4326E-70   1.4327E-70   0.99998
FLUX   53    26.85        1.116546E+16   1.7759E-69   1.7760E-69   0.99998
FLUX   54    27.35        1.096133E+16   2.6364E-68   2.6364E-68   0.99998
FLUX   55    27.85        1.076454E+16   3.5507E-67   3.5508E-67   0.99998
FLUX   56    28.40        1.055607E+16   5.5629E-66   5.5630E-66   0.99998
FLUX   57    29.00        1.033767E+16   9.9063E-65   9.9065E-65   0.99998
FLUX   58    29.60        1.012812E+16   1.5632E-63   1.5633E-63   0.99998
FLUX   59    30.10        9.959883E+15   1.4316E-62   1.4316E-62   0.99997
FLUX   60    30.80        9.733523E+15   2.8084E-61   2.8084E-61   0.99998
FLUX   61    31.80        9.427437E+15   1.5625E-59   1.5625E-59   0.99998
FLUX   62    32.80        9.140015E+15   6.7636E-58   6.7637E-58   0.99998
FLUX   63    33.80        8.869601E+15   2.3273E-56   2.3273E-56   0.99998
FLUX   64    34.80        8.614727E+15   6.5029E-55   6.5030E-55   0.99998
FLUX   65    35.70        8.397549E+15   1.1044E-53   1.1044E-53   0.99998
FLUX   66    36.60        8.191052E+15   1.6280E-52   1.6280E-52   0.99998
FLUX   67    37.50        7.994467E+15   2.0991E-51   2.0991E-51   0.99998
FLUX   68    38.50        7.786818E+15   3.1130E-50   3.1130E-50   0.99998
FLUX   69    39.50        7.589683E+15   4.0079E-49   4.0080E-49   0.99998
FLUX   70    40.50        7.402284E+15   4.5313E-48   4.5313E-48   0.99998
FLUX   71    41.40        7.241364E+15   3.6263E-47   3.6263E-47   0.99998
FLUX   72    42.20        7.104087E+15   2.1317E-46   2.1317E-46   0.99998
FLUX   73    43.00        6.971919E+15   1.1707E-45   1.1707E-45   0.99998
FLUX   74    44.10        6.798016E+15   1.0971E-44   1.0971E-44   0.99998
FLUX   75    45.10        6.647284E+15   7.6011E-44   7.6012E-44   0.99998
FLUX   76    46.00        6.517228E+15   4.0286E-43   4.0287E-43   0.99998
FLUX   77    47.00        6.378564E+15   2.3786E-42   2.3787E-42   0.99998
FLUX   78    48.00        6.245677E+15   1.3000E-41   1.3000E-41   0.99998
FLUX   79    49.00        6.118214E+15   6.6150E-41   6.6152E-41   0.99998
FLUX   80    50.00        5.995850E+15   3.1429E-40   3.1430E-40   0.99998
FLUX   81    50.60        5.924753E+15   1.0334E-39   1.1782E-39   0.87708
FLUX   82    51.20        5.855322E+15   2.8013E-39   2.8351E-39   0.98810
FLUX   83    52.00        5.765240E+15   8.7615E-39   8.8451E-39   0.99056
FLUX   84    53.00        5.656462E+15   3.4867E-38   3.4868E-38   0.99998
FLUX   85    54.00        5.551713E+15   1.2963E-37   1.3035E-37   0.99445
FLUX   86    55.00        5.450773E+15   4.6370E-37   4.6371E-37   0.99997
FLUX   87    56.00        5.353437E+15   1.5730E-36   1.5730E-36   0.99998
FLUX   88    57.00        5.259517E+15   5.1014E-36   5.1015E-36   0.99998
FLUX   89    58.00        5.168836E+15   1.5685E-35   1.5855E-35   0.98929
FLUX   90    59.00        5.081229E+15   4.7316E-35   4.7320E-35   0.99991
FLUX   91    60.00        4.996542E+15   1.3590E-34   1.3592E-34   0.99990
FLUX   92    61.00        4.914631E+15   3.7641E-34   3.7642E-34   0.99998
FLUX   93    62.00        4.835363E+15   1.0069E-33   1.0070E-33   0.99993
FLUX   94    63.00        4.758611E+15   2.6064E-33   2.6065E-33   0.99997
FLUX   95    64.00        4.684258E+15   6.5412E-33   6.5416E-33   0.99993
FLUX   96    65.00        4.612192E+15   1.5935E-32   1.5935E-32   0.99998
FLUX   97    65.80        4.556117E+15   3.1822E-32   3.1822E-32   0.99998
FLUX   98    66.50        4.508158E+15   5.7441E-32   5.7449E-32   0.99987
FLUX   99    67.50        4.441370E+15   1.3060E-31   1.3062E-31   0.99989
FLUX  100    68.50        4.376533E+15   2.8949E-31   2.8951E-31   0.99993
FLUX  101    69.50        4.313561E+15   6.2627E-31   6.2628E-31   0.99998
FLUX  102    70.50        4.252376E+15   1.3230E-30   1.3236E-30   0.99952
FLUX  103    71.60        4.187046E+15   2.9384E-30   2.9384E-30   0.99998
FLUX  104    72.60        4.129373E+15   5.9329E-30   5.9330E-30   0.99998
FLUX  105    73.50        4.078809E+15   1.0976E-29   1.0977E-29   0.99997
FLUX  106    74.50        4.024060E+15   2.1345E-29   2.1347E-29   0.99989
FLUX  107    75.50        3.970762E+15   4.0738E-29   4.0743E-29   0.99989
FLUX  108    76.50        3.918856E+15   7.6360E-29   7.6369E-29   0.99989
FLUX  109    77.50        3.868290E+15   1.4067E-28   1.4068E-28   0.99989
FLUX  110    78.50        3.819013E+15   2.5488E-28   2.5488E-28   0.99998
FLUX  111    79.50        3.770975E+15   4.5372E-28   4.5443E-28   0.99844
FLUX  112    80.50        3.724130E+15   7.9744E-28   7.9782E-28   0.99952
FLUX  113    81.50        3.678436E+15   1.3799E-27   1.3801E-27   0.99991
FLUX  114    82.50        3.633848E+15   2.3536E-27   2.3537E-27   0.99997
FLUX  115    83.50        3.590329E+15   3.9600E-27   3.9601E-27   0.99998
FLUX  116    84.50        3.547840E+15   6.5750E-27   6.5751E-27   0.99998
FLUX  117    85.50        3.506345E+15   1.0778E-26   1.0778E-26   0.99998
FLUX  118    86.50        3.465809E+15   1.7452E-26   1.7452E-26   0.99998
FLUX  119    87.50        3.426200E+15   2.7914E-26   2.7923E-26   0.99967
FLUX  120    88.50        3.387486E+15   4.4171E-26   4.4172E-26   0.99998
FLUX  121    89.50        3.349637E+15   6.9105E-26   6.9107E-26   0.99998
FLUX  122    90.50        3.312624E+15   1.0694E-25   1.0696E-25   0.99982
FLUX  123    91.50        3.276421E+15   1.2327E-21   3.1056E-21   0.39694
FLUX  124    92.50        3.241000E+15   4.5936E-21   4.8938E-21   0.93866
FLUX  125    93.50        3.206337E+15   7.1135E-21   7.6291E-21   0.93242
FLUX  126    94.50        3.172407E+15   1.1056E-20   1.1775E-20   0.93888
FLUX  127    95.50        3.139188E+15   1.7620E-20   1.8028E-20   0.97740
FLUX  128    96.50        3.106658E+15   2.6671E-20   2.7225E-20   0.97965
FLUX  129    97.50        3.074795E+15   3.9733E-20   4.0584E-20   0.97902
FLUX  130    98.50        3.043579E+15   5.9666E-20   6.1057E-20   0.97721
FLUX  131    99.50        3.012990E+15   8.7803E-20   9.0088E-20   0.97463
FLUX  132   100.50        2.983010E+15   1.3144E-19   1.3174E-19   0.99777
FLUX  133   101.50        2.953621E+15   1.8987E-19   1.9014E-19   0.99862
FLUX  134   102.50        2.924805E+15   2.7109E-19   2.7682E-19   0.97932
FLUX  135   103.50        2.896546E+15   3.9479E-19   3.9560E-19   0.99794
FLUX  136   104.50        2.868828E+15   5.6265E-19   5.6343E-19   0.99860
FLUX  137   105.50        2.841635E+15   7.9542E-19   7.9617E-19   0.99907
FLUX  138   106.50        2.814953E+15   1.1133E-18   1.1174E-18   0.99638
FLUX  139   107.50        2.788767E+15   1.5543E-18   1.5580E-18   0.99766
FLUX  140   108.50        2.763064E+15   2.1547E-18   2.1585E-18   0.99824
FLUX  141   109.50        2.737831E+15   2.9595E-18   2.9718E-18   0.99586
FLUX  142   110.50        2.713054E+15   9.6727E-18   4.8599E-17   0.19903
FLUX  143   111.50        2.688722E+15   3.9362E-17   6.7444E-17   0.58363
FLUX  144   112.50        2.664822E+15   5.9698E-17   8.9006E-17   0.67073
FLUX  145   113.50        2.641344E+15   8.5297E-17   1.1106E-16   0.76801
FLUX  146   114.50        2.618275E+15   1.0807E-16   1.3142E-16   0.82237
FLUX  147   115.50        2.595606E+15   1.1220E-16   1.4633E-16   0.76674
FLUX  148   116.50        2.573326E+15   1.3987E-16   1.5222E-16   0.91886
FLUX  149   117.50        2.551426E+15   1.4081E-16   1.4646E-16   0.96143
FLUX  150   118.50        2.529894E+15   3.0310E-16   6.9855E-16   0.43390
FLUX  151   119.50        2.508724E+15   7.5778E-17   8.9247E-16   0.08491
FLUX  152   120.50        2.487905E+15   7.3450E-17   1.1311E-15   0.06493
FLUX  153   121.50        2.467428E+15   5.0697E-17   1.4240E-15   0.03560
FLUX  154   122.50        2.447286E+15   1.1891E-16   1.8110E-15   0.06566
FLUX  155   123.50        2.427470E+15   2.2013E-16   2.2545E-15   0.09764
FLUX  156   124.50        2.407972E+15   3.9351E-16   4.0030E-16   0.98304
FLUX  157   125.50        2.388785E+15   8.2397E-16   8.6693E-16   0.95045
FLUX  158   126.50        2.369901E+15   1.2675E-15   1.6457E-15   0.77021
FLUX  159   127.50        2.351314E+15   2.1746E-15   2.6555E-15   0.81890
FLUX  160   128.50        2.333016E+15   3.7357E-15   4.2620E-15   0.87651
FLUX  161   129.50        2.315000E+15   5.7742E-15   6.2938E-15   0.91744
FLUX  162   130.50        2.297261E+15   6.5515E-15   9.1925E-15   0.71270
FLUX  163   131.50        2.279791E+15   1.1158E-14   1.2875E-14   0.86665
FLUX  164   132.50        2.262585E+15   1.5539E-14   1.7751E-14   0.87544
FLUX  165   133.50        2.245637E+15   2.1308E-14   2.3879E-14   0.89234
FLUX  166   134.50        2.228940E+15   2.8853E-14   3.1645E-14   0.91175
FLUX  167   135.50        2.212491E+15   3.5910E-14   4.1283E-14   0.86985
FLUX  168   136.50        2.196282E+15   4.6142E-14   5.3306E-14   0.86562
FLUX  169   137.50        2.180309E+15   5.6931E-14   6.7950E-14   0.83784
FLUX  170   138.50        2.164567E+15   7.1199E-14   8.5836E-14   0.82947
FLUX  171   139.50        2.149050E+15   8.9784E-14   1.0721E-13   0.83746
FLUX  172   140.50        2.133754E+15   1.1232E-13   1.3305E-13   0.84423
FLUX  173   141.50        2.118675E+15   1.3247E-13   1.6339E-13   0.81078
FLUX  174   142.50        2.103807E+15   1.5647E-13   1.9982E-13   0.78305
FLUX  175   143.50        2.089146E+15   1.8371E-13   2.4191E-13   0.75940
FLUX  176   144.20        2.079005E+15   2.3177E-13   2.7600E-13   0.83973
FLUX  177   144.70        2.071821E+15   2.3776E-13   3.0531E-13   0.77874
FLUX  178   145.50        2.060430E+15   2.8671E-13   3.5229E-13   0.81384
FLUX  179   146.50        2.046365E+15   3.3328E-13   4.2011E-13   0.79330
FLUX  180   147.50        2.032492E+15   3.8245E-13   4.9832E-13   0.76748
FLUX  181   148.50        2.018805E+15   4.6102E-13   5.8811E-13   0.78390
FLUX  182   149.50        2.005301E+15   5.9972E-13   6.9177E-13   0.86694
FLUX  183   150.50        1.991977E+15   7.2296E-13   8.0910E-13   0.89353
FLUX  184   151.20        1.982755E+15   7.0257E-13   9.0140E-13   0.77941
FLUX  185   151.70        1.976220E+15   8.3869E-13   1.1045E-12   0.75933
FLUX  186   152.50        1.965852E+15   1.0655E-12   1.9488E-12   0.54676
FLUX  187   153.50        1.953046E+15   1.6962E-12   3.0805E-12   0.55062
FLUX  188   154.50        1.940405E+15   2.1008E-12   3.6525E-12   0.57517
FLUX  189   155.50        1.927926E+15   2.5080E-12   4.3022E-12   0.58296
FLUX  190   156.50        1.915607E+15   2.4648E-12   5.0594E-12   0.48718
FLUX  191   157.50        1.903444E+15   3.8354E-12   6.0335E-12   0.63568
FLUX  192   158.50        1.891435E+15   4.7702E-12   7.0425E-12   0.67734
FLUX  193   159.50        1.879577E+15   6.0229E-12   8.2066E-12   0.73391
FLUX  194   160.50        1.867866E+15   6.4964E-12   9.5239E-12   0.68212
FLUX  195   161.50        1.856300E+15   7.2135E-12   1.1018E-11   0.65472
FLUX  196   162.50        1.844877E+15   7.8260E-12   1.2785E-11   0.61213
FLUX  197   163.50        1.833593E+15   9.7536E-12   1.4710E-11   0.66306
FLUX  198   164.50        1.822447E+15   1.2414E-11   1.6885E-11   0.73521
FLUX  199   165.50        1.811435E+15   7.8312E-12   1.9351E-11   0.40469
FLUX  200   166.50        1.800556E+15   1.4332E-11   2.2092E-11   0.64874
FLUX  201   167.20        1.793017E+15   9.5261E-12   2.4206E-11   0.39354
FLUX  202   167.70        1.787671E+15   1.6670E-11   2.8230E-11   0.59051
FLUX  203   168.50        1.779184E+15   2.3154E-11   3.3488E-11   0.69142
FLUX  204   169.50        1.768687E+15   2.6220E-11   3.8266E-11   0.68521
FLUX  205   170.50        1.758314E+15   2.7760E-11   4.3663E-11   0.63577
FLUX  206   171.50        1.748061E+15   3.4831E-11   5.2186E-11   0.66744
FLUX  207   172.50        1.737928E+15   4.0479E-11   5.9687E-11   0.67819
FLUX  208   173.50        1.727911E+15   5.0545E-11   6.8043E-11   0.74284
FLUX  209   174.50        1.718009E+15   5.3804E-11   7.7584E-11   0.69349
FLUX  210   175.50        1.708219E+15   6.8455E-11   8.8308E-11   0.77518
FLUX  211   176.50        1.698541E+15   6.9732E-11   1.0013E-10   0.69643
FLUX  212   177.50        1.688972E+15   8.0837E-11   1.1356E-10   0.71186
FLUX  213   178.50        1.679510E+15   9.0988E-11   1.2871E-10   0.70692
FLUX  214   179.50        1.670153E+15   1.1723E-10   1.4546E-10   0.80597
FLUX  215   180.50        1.660900E+15   1.0674E-10   1.6428E-10   0.64977
FLUX  216   181.50        1.651749E+15   1.3063E-10   1.8561E-10   0.70377
FLUX  217   182.50        1.642699E+15   1.2420E-10   2.0954E-10   0.59273
FLUX  218   183.50        1.633747E+15   1.6502E-10   2.3607E-10   0.69904
FLUX  219   184.50        1.624892E+15   1.6405E-10   2.6612E-10   0.61643
FLUX  220   185.50        1.616132E+15   1.9526E-10   2.9993E-10   0.65102
FLUX  221   186.50        1.607466E+15   2.2681E-10   3.3639E-10   0.67424
FLUX  222   187.50        1.598893E+15   2.5046E-10   3.8725E-10   0.64677
FLUX  223   188.50        1.590411E+15   2.8568E-10   4.2832E-10   0.66697
FLUX  224   189.50        1.582018E+15   3.2814E-10   4.7398E-10   0.69230
FLUX  225   190.50        1.573714E+15   3.3111E-10   5.2446E-10   0.63133
FLUX  226   191.50        1.565496E+15   3.8870E-10   5.8005E-10   0.67012
FLUX  227   192.50        1.557364E+15   4.1805E-10   6.4047E-10   0.65271
FLUX  228   193.50        1.549315E+15   3.8040E-10   7.0527E-10   0.53937
FLUX  229   194.50        1.541350E+15   5.5320E-10   7.7387E-10   0.71485
FLUX  230   195.50        1.533465E+15   6.1741E-10   8.4631E-10   0.72954
FLUX  231   196.70        1.524110E+15   7.3978E-10   9.4059E-10   0.78650
FLUX  232   197.60        1.517168E+15   7.6831E-10   1.0859E-09   0.70755
FLUX  233   198.40        1.511051E+15   8.1955E-10   1.1638E-09   0.70419
FLUX  234   199.50        1.502719E+15   9.1418E-10   1.3263E-09   0.68925
FLUX  235   200.50        1.495224E+15   9.5839E-10   1.4450E-09   0.66326
FLUX  236   201.50        1.487804E+15   9.9503E-10   1.5759E-09   0.63140
FLUX  237   202.50        1.480457E+15   9.5358E-10   1.7165E-09   0.55555
FLUX  238   203.50        1.473182E+15   1.2771E-09   1.8635E-09   0.68533
FLUX  239   204.50        1.465978E+15   1.4657E-09   2.0253E-09   0.72372
FLUX  240   205.50        1.458844E+15   1.3600E-09   2.1992E-09   0.61843
FLUX  241   206.50        1.451780E+15   1.3677E-09   2.3865E-09   0.57311
FLUX  242   207.40        1.445480E+15   1.8747E-09   2.5636E-09   0.73128
FLUX  243   207.80        1.442697E+15   2.3562E-09   5.6641E-09   0.41599
FLUX  244   208.50        1.437854E+15   2.5418E-09   5.9880E-09   0.42448
FLUX  245   209.50        1.430990E+15   2.8904E-09   6.4850E-09   0.44570
FLUX  246   210.50        1.424192E+15   3.1746E-09   7.0004E-09   0.45349
FLUX  247   211.50        1.417459E+15   3.5102E-09   7.5374E-09   0.46571
FLUX  248   212.50        1.410788E+15   3.2093E-09   8.0963E-09   0.39639
FLUX  249   213.50        1.404180E+15   2.9365E-09   8.6749E-09   0.33850
FLUX  250   214.50        1.397634E+15   3.9799E-09   9.3025E-09   0.42783
FLUX  251   215.50        1.391148E+15   4.5838E-09   9.9578E-09   0.46033
FLUX  252   216.50        1.384723E+15   3.9231E-09   1.0651E-08   0.36832
FLUX  253   217.50        1.378356E+15   4.5738E-09   1.1376E-08   0.40207
FLUX  254   218.50        1.372048E+15   5.3988E-09   1.2124E-08   0.44529
FLUX  255   219.50        1.365797E+15   6.6717E-09   1.2919E-08   0.51643
FLUX  256   220.50        1.359603E+15   6.2377E-09   1.3771E-08   0.45296
FLUX  257   221.50        1.353465E+15   4.8929E-09   1.4673E-08   0.33347
FLUX  258   222.50        1.347382E+15   5.4812E-09   1.5699E-08   0.34913
FLUX  259   223.50        1.341353E+15   8.3922E-09   1.6683E-08   0.50304
FLUX  260   224.50        1.335379E+15   7.7062E-09   1.7720E-08   0.43489
FLUX  261   225.50        1.329457E+15   5.6563E-09   1.9384E-08   0.29181
FLUX  262   226.50        1.323587E+15   5.1162E-09   2.0534E-08   0.24915
FLUX  263   227.50        1.317769E+15   8.1435E-09   2.1753E-08   0.37436
FLUX  264   228.50        1.312002E+15   8.8949E-09   2.3006E-08   0.38664
FLUX  265   229.50        1.306285E+15   9.3267E-09   2.4302E-08   0.38379
FLUX  266   230.50        1.300618E+15   1.0699E-08   2.5658E-08   0.41700
FLUX  267   231.50        1.295000E+15   9.7227E-09   2.7072E-08   0.35915
FLUX  268   232.50        1.289430E+15   8.8278E-09   2.8547E-08   0.30923
FLUX  269   233.50        1.283908E+15   4.9566E-09   3.0245E-08   0.16388
FLUX  270   234.50        1.278433E+15   3.9631E-09   3.1801E-08   0.12462
FLUX  271   235.50        1.273004E+15   7.1990E-09   3.3428E-08   0.21536
FLUX  272   236.50        1.267622E+15   4.4002E-09   3.5122E-08   0.12528
FLUX  273   237.50        1.262284E+15   6.0962E-09   3.6879E-08   0.16530
FLUX  274   238.50        1.256992E+15   3.5997E-09   3.8701E-08   0.09301
FLUX  275   239.50        1.251743E+15   5.0416E-09   4.0580E-08   0.12424
FLUX  276   240.50        1.246538E+15   5.0399E-09   4.2508E-08   0.11856
FLUX  277   241.50        1.241377E+15   7.5643E-09   4.4494E-08   0.17001
FLUX  278   242.50        1.236258E+15   1.6584E-08   4.6549E-08   0.35628
FLUX  279   243.50        1.231181E+15   1.8432E-08   4.8678E-08   0.37866
FLUX  280   244.50        1.226145E+15   2.2159E-08   5.1184E-08   0.43293
FLUX  281   245.50        1.221151E+15   2.3049E-08   5.3467E-08   0.43110
FLUX  282   246.50        1.216197E+15   2.1767E-08   5.5814E-08   0.38999
FLUX  283   247.50        1.211283E+15   2.0177E-08   5.8185E-08   0.34676
FLUX  284   248.50        1.206408E+15   1.8075E-08   6.0635E-08   0.29809
FLUX  285   249.50        1.201573E+15   2.0855E-08   6.3166E-08   0.33016
FLUX  286   250.50        1.196776E+15   2.9938E-08   6.6030E-08   0.45341
FLUX  287   251.30        1.192967E+15   2.0459E-08   6.8175E-08   0.30009
FLUX  288   251.80        1.190598E+15   2.0368E-08   8.0545E-08   0.25288
FLUX  289   252.50        1.187297E+15   1.7505E-08   8.2795E-08   0.21143
FLUX  290   253.50        1.182613E+15   2.0663E-08   8.6061E-08   0.24010
FLUX  291   254.50        1.177967E+15   2.3628E-08   8.9364E-08   0.26441
FLUX  292   255.50        1.173356E+15   3.0381E-08   9.2764E-08   0.32751
FLUX  293   256.50        1.168782E+15   2.2051E-08   9.6259E-08   0.22908
FLUX  294   257.50        1.164243E+15   2.6667E-08   9.9844E-08   0.26709
FLUX  295   258.50        1.159739E+15   1.9980E-08   1.0353E-07   0.19299
FLUX  296   259.50        1.155270E+15   1.6949E-08   1.0733E-07   0.15792
FLUX  297   260.50        1.150835E+15   1.3903E-08   1.1121E-07   0.12501
FLUX  298   261.50        1.146434E+15   1.3558E-08   1.1512E-07   0.11778
FLUX  299   262.50        1.142067E+15   1.8113E-08   1.1914E-07   0.15203
FLUX  300   263.50        1.137732E+15   3.3013E-08   1.2339E-07   0.26755
FLUX  301   264.50        1.133431E+15   6.4117E-08   1.2760E-07   0.50249
FLUX  302   265.50        1.129162E+15   7.5153E-08   1.3191E-07   0.56973
FLUX  303   266.50        1.124925E+15   5.7811E-08   1.3633E-07   0.42407
FLUX  304   267.50        1.120720E+15   6.6064E-08   1.4085E-07   0.46903
FLUX  305   268.50        1.116546E+15   7.1722E-08   1.4543E-07   0.49317
FLUX  306   269.50        1.112403E+15   6.3246E-08   1.5006E-07   0.42147
FLUX  307   270.50        1.108290E+15   7.2999E-08   1.5495E-07   0.47112
FLUX  308   271.50        1.104208E+15   5.3083E-08   1.5978E-07   0.33222
FLUX  309   272.50        1.100156E+15   5.3635E-08   1.6474E-07   0.32558
FLUX  310   273.50        1.096133E+15   5.4394E-08   1.6982E-07   0.32032
FLUX  311   274.50        1.092140E+15   2.6990E-08   1.7500E-07   0.15423
FLUX  312   275.50        1.088176E+15   3.6998E-08   1.8028E-07   0.20523
FLUX  313   276.50        1.084240E+15   4.8592E-08   1.8562E-07   0.26178
FLUX  314   277.50        1.080333E+15   5.3536E-08   1.9099E-07   0.28030
FLUX  315   278.50        1.076454E+15   3.6458E-08   1.9647E-07   0.18557
FLUX  316   279.50        1.072603E+15   1.2845E-08   2.0205E-07   0.06357
FLUX  317   280.50        1.068779E+15   1.6638E-08   2.0774E-07   0.08009
FLUX  318   281.50        1.064982E+15   4.9241E-08   2.1354E-07   0.23059
FLUX  319   282.50        1.061212E+15   7.9222E-08   2.1947E-07   0.36097
FLUX  320   283.50        1.057469E+15   9.0309E-08   2.2551E-07   0.40046
FLUX  321   284.50        1.053752E+15   9.7138E-08   2.3168E-07   0.41928
FLUX  322   285.50        1.050061E+15   7.7352E-08   2.3785E-07   0.32522
FLUX  323   286.50        1.046396E+15   1.1140E-07   2.4408E-07   0.45641
FLUX  324   287.50        1.042757E+15   1.2241E-07   2.5042E-07   0.48882
FLUX  325   288.50        1.039142E+15   1.2659E-07   2.5687E-07   0.49281
FLUX  326   289.50        1.035553E+15   1.3034E-07   2.6343E-07   0.49477
FLUX  327   291.00        1.030215E+15   1.6748E-07   2.7358E-07   0.61218
FLUX  328   293.00        1.023183E+15   1.6423E-07   2.8732E-07   0.57159
FLUX  329   295.00        1.016246E+15   1.6444E-07   3.0138E-07   0.54564
FLUX  330   297.00        1.009402E+15   1.9453E-07   3.1571E-07   0.61618
FLUX  331   299.00        1.002650E+15   2.0064E-07   3.3049E-07   0.60711
FLUX  332   301.00        9.959884E+14   2.2446E-07   3.4569E-07   0.64932
FLUX  333   303.00        9.894142E+14   2.3293E-07   3.6129E-07   0.64471
FLUX  334   305.00        9.829262E+14   2.5142E-07   3.7711E-07   0.66671
FLUX  335   307.00        9.765228E+14   2.4404E-07   3.9320E-07   0.62064
FLUX  336   309.00        9.702023E+14   2.7863E-07   4.0981E-07   0.67991
FLUX  337   311.00        9.639630E+14   2.7964E-07   4.2669E-07   0.65536
FLUX  338   313.00        9.578035E+14   2.8607E-07   4.4400E-07   0.64430
FLUX  339   315.00        9.517222E+14   3.0930E-07   4.6157E-07   0.67011
FLUX  340   317.00        9.457177E+14   3.1997E-07   4.7935E-07   0.66750
FLUX  341   319.00        9.397884E+14   2.9950E-07   4.9750E-07   0.60200
FLUX  342   321.00        9.339330E+14   3.4186E-07   5.1602E-07   0.66248
FLUX  343   323.00        9.281501E+14   2.9808E-07   5.3493E-07   0.55722
FLUX  344   325.00        9.224385E+14   3.6433E-07   5.5417E-07   0.65744
FLUX  345   327.00        9.167966E+14   4.1285E-07   5.7349E-07   0.71989
FLUX  346   329.00        9.112234E+14   4.2235E-07   5.9310E-07   0.71210
FLUX  347   331.00        9.057175E+14   4.5048E-07   6.1302E-07   0.73486
FLUX  348   333.00        9.002778E+14   4.4327E-07   6.3328E-07   0.69996
FLUX  349   335.00        8.949030E+14   4.4420E-07   6.5386E-07   0.67934
FLUX  350   337.00        8.895920E+14   4.3665E-07   6.7478E-07   0.64709
FLUX  351   339.00        8.843436E+14   4.7805E-07   6.9579E-07   0.68706
FLUX  352   341.00        8.791569E+14   5.1670E-07   7.1699E-07   0.72065
FLUX  353   343.00        8.740306E+14   5.5672E-07   7.3849E-07   0.75386
FLUX  354   345.00        8.689638E+14   5.6659E-07   7.6029E-07   0.74522
FLUX  355   347.00        8.639553E+14   5.6579E-07   7.8239E-07   0.72316
FLUX  356   349.00        8.590043E+14   5.7959E-07   8.0476E-07   0.72020
FLUX  357   351.00        8.541097E+14   6.2733E-07   8.2732E-07   0.75827
FLUX  358   353.00        8.492705E+14   6.2926E-07   8.4988E-07   0.74041
FLUX  359   355.00        8.444859E+14   7.0428E-07   8.7272E-07   0.80700
FLUX  360   357.00        8.397549E+14   6.4879E-07   8.9582E-07   0.72424
FLUX  361   359.00        8.350766E+14   6.7161E-07   9.1916E-07   0.73068
FLUX  362   361.00        8.304501E+14   6.9597E-07   9.4276E-07   0.73823
FLUX  363   363.00        8.258746E+14   7.3579E-07   9.6656E-07   0.76125
FLUX  364   364.00        8.236058E+14   7.3144E-07   9.7858E-07   0.74745
FLUX  365   365.00        8.213493E+14   7.8449E-07   2.6351E-06   0.29771
FLUX  366   367.00        8.168733E+14   8.1653E-07   2.6794E-06   0.30475
FLUX  367   369.00        8.124458E+14   9.2900E-07   2.7237E-06   0.34109
FLUX  368   371.00        8.080660E+14   1.1663E-06   2.7680E-06   0.42136
FLUX  369   373.00        8.037332E+14   1.4140E-06   2.8123E-06   0.50278
FLUX  370   375.00        7.994467E+14   1.6515E-06   2.8566E-06   0.57814
FLUX  371   377.00        7.952056E+14   1.7232E-06   2.9029E-06   0.59361
FLUX  372   379.00        7.910092E+14   1.9022E-06   2.9472E-06   0.64541
FLUX  373   381.00        7.868569E+14   2.0939E-06   2.9908E-06   0.70011
FLUX  374   383.00        7.827480E+14   1.8522E-06   3.0340E-06   0.61050
FLUX  375   385.00        7.786818E+14   2.1161E-06   3.0773E-06   0.68765
FLUX  376   387.00        7.746576E+14   2.2670E-06   3.1203E-06   0.72653
FLUX  377   389.00        7.706748E+14   1.9979E-06   3.1634E-06   0.63157
FLUX  378   391.00        7.667327E+14   2.0041E-06   3.2063E-06   0.62504
FLUX  379   393.00        7.628308E+14   8.4634E-07   3.2492E-06   0.26048
FLUX  380   395.00        7.589683E+14   1.6020E-06   3.2919E-06   0.48666
FLUX  381   397.00        7.551448E+14   1.0018E-06   3.3341E-06   0.30048
FLUX  382   399.00        7.513596E+14   2.3135E-06   3.3756E-06   0.68536
FLUX  383   401.00        7.476122E+14   2.6333E-06   3.4172E-06   0.77061
FLUX  384   403.00        7.439020E+14   2.6820E-06   3.4586E-06   0.77547
FLUX  385   405.00        7.402284E+14   2.6948E-06   3.4999E-06   0.76998
FLUX  386   407.00        7.365909E+14   2.6819E-06   3.5410E-06   0.75738
FLUX  387   409.00        7.329890E+14   2.9345E-06   3.5820E-06   0.81925
FLUX  388   411.00        7.294221E+14   2.7712E-06   3.6228E-06   0.76493
FLUX  389   413.00        7.258898E+14   2.9422E-06   3.6636E-06   0.80309
FLUX  390   415.00        7.223916E+14   3.1044E-06   3.7038E-06   0.83816
FLUX  391   417.00        7.189269E+14   3.0475E-06   3.7434E-06   0.81409
FLUX  392   419.00        7.154952E+14   3.1070E-06   3.7828E-06   0.82134
FLUX  393   421.00        7.120962E+14   3.1097E-06   3.8220E-06   0.81362
FLUX  394   423.00        7.087293E+14   3.1008E-06   3.8611E-06   0.80308
FLUX  395   425.00        7.053941E+14   3.2334E-06   3.9000E-06   0.82907
FLUX  396   427.00        7.020902E+14   3.2772E-06   3.9388E-06   0.83204
FLUX  397   429.00        6.988170E+14   3.1916E-06   3.9773E-06   0.80245
FLUX  398   431.00        6.955742E+14   3.0000E-06   4.0157E-06   0.74706
FLUX  399   433.00        6.923614E+14   3.3578E-06   4.0540E-06   0.82827
FLUX  400   435.00        6.891782E+14   3.2279E-06   4.0916E-06   0.78890
FLUX  401   437.00        6.860240E+14   3.6031E-06   4.1286E-06   0.87272
FLUX  402   439.00        6.828986E+14   3.5238E-06   4.1654E-06   0.84595
FLUX  403   441.00        6.798016E+14   3.5102E-06   4.2021E-06   0.83535
FLUX  404   443.00        6.767325E+14   3.6282E-06   4.2386E-06   0.85600
FLUX  405   445.00        6.736910E+14   3.6552E-06   4.2749E-06   0.85504
FLUX  406   447.00        6.706767E+14   3.7434E-06   4.3110E-06   0.86834
FLUX  407   449.00        6.676893E+14   3.8512E-06   4.3470E-06   0.88594
FLUX  408   451.00        6.647284E+14   4.0569E-06   4.3828E-06   0.92564
FLUX  409   453.00        6.617936E+14   3.8521E-06   4.4185E-06   0.87181
FLUX  410   455.00        6.588846E+14   3.8973E-06   4.4539E-06   0.87502
FLUX  411   457.00        6.560011E+14   4.1346E-06   4.4887E-06   0.92110
FLUX  412   459.00        6.531427E+14   4.0286E-06   4.5231E-06   0.89065
FLUX  413   461.00        6.503091E+14   4.2342E-06   4.5574E-06   0.92908
FLUX  414   463.00        6.475000E+14   4.2156E-06   4.5914E-06   0.91815
FLUX  415   465.00        6.447150E+14   4.2960E-06   4.6253E-06   0.92881
FLUX  416   467.00        6.419540E+14   4.3759E-06   4.6590E-06   0.93923
FLUX  417   469.00        6.392164E+14   4.3985E-06   4.6925E-06   0.93734
FLUX  418   471.00        6.365021E+14   4.3147E-06   4.7257E-06   0.91302
FLUX  419   473.00        6.338108E+14   4.5020E-06   4.7586E-06   0.94607
FLUX  420   475.00        6.311421E+14   4.5917E-06   4.7914E-06   0.95833
FLUX  421   477.00        6.284958E+14   4.5875E-06   4.8239E-06   0.95098
FLUX  422   479.00        6.258716E+14   4.6136E-06   4.8563E-06   0.95002
FLUX  423   481.00        6.232692E+14   4.6687E-06   4.8881E-06   0.95511
FLUX  424   483.00        6.206884E+14   4.6811E-06   4.9196E-06   0.95152
FLUX  425   485.00        6.181289E+14   4.5485E-06   4.9521E-06   0.91850
FLUX  426   487.00        6.155903E+14   4.1009E-06   4.9832E-06   0.82293
FLUX  427   489.00        6.130726E+14   4.7240E-06   5.0141E-06   0.94215
FLUX  428   491.00        6.105753E+14   4.7719E-06   5.0448E-06   0.94589
FLUX  429   493.00        6.080984E+14   4.6959E-06   5.0754E-06   0.92524
FLUX  430   495.00        6.056414E+14   4.8714E-06   5.1057E-06   0.95411
FLUX  431   497.00        6.032042E+14   4.9676E-06   5.1358E-06   0.96725
FLUX  432   499.00        6.007866E+14   4.7569E-06   5.1657E-06   0.92085
FLUX  433   501.00        5.983882E+14   4.6617E-06   5.1955E-06   0.89724
FLUX  434   503.00        5.960089E+14   4.9216E-06   5.2251E-06   0.94190
FLUX  435   505.00        5.936485E+14   4.9592E-06   5.2546E-06   0.94379
FLUX  436   507.00        5.913067E+14   5.0740E-06   5.2836E-06   0.96032
FLUX  437   509.00        5.889833E+14   5.0240E-06   5.3121E-06   0.94575
FLUX  438   511.00        5.866781E+14   5.0636E-06   5.3405E-06   0.94816
FLUX  439   513.00        5.843908E+14   4.9702E-06   5.3687E-06   0.92578
FLUX  440   515.00        5.821214E+14   4.9803E-06   5.3966E-06   0.92285
FLUX  441   517.00        5.798694E+14   4.9539E-06   5.4244E-06   0.91326
FLUX  442   519.00        5.776349E+14   4.9652E-06   5.4519E-06   0.91072
FLUX  443   521.00        5.754175E+14   5.0202E-06   5.4793E-06   0.91620
FLUX  444   523.00        5.732170E+14   5.1156E-06   5.5065E-06   0.92901
FLUX  445   525.00        5.710333E+14   5.2407E-06   5.5335E-06   0.94709
FLUX  446   527.00        5.688662E+14   4.9873E-06   5.5602E-06   0.89697
FLUX  447   529.00        5.667155E+14   5.3024E-06   5.5868E-06   0.94910
FLUX  448   531.00        5.645810E+14   5.3215E-06   5.6132E-06   0.94804
FLUX  449   533.00        5.624625E+14   5.2014E-06   5.6393E-06   0.92235
FLUX  450   535.00        5.603598E+14   5.4409E-06   5.6652E-06   0.96041
FLUX  451   537.00        5.582728E+14   5.4591E-06   5.6908E-06   0.95928
FLUX  452   539.00        5.562013E+14   5.4434E-06   5.7163E-06   0.95226
FLUX  453   541.00        5.541451E+14   5.4182E-06   5.7412E-06   0.94374
FLUX  454   543.00        5.521040E+14   5.4658E-06   5.7659E-06   0.94795
FLUX  455   545.00        5.500780E+14   5.6029E-06   5.7903E-06   0.96764
FLUX  456   547.00        5.480667E+14   5.6019E-06   5.8146E-06   0.96342
FLUX  457   549.00        5.460701E+14   5.6296E-06   5.8387E-06   0.96418
FLUX  458   551.00        5.440880E+14   5.6495E-06   5.8627E-06   0.96363
FLUX  459   553.00        5.421202E+14   5.7032E-06   5.8865E-06   0.96886
FLUX  460   555.00        5.401667E+14   5.8019E-06   5.9101E-06   0.98169
FLUX  461   557.00        5.382271E+14   5.7676E-06   5.9335E-06   0.97204
FLUX  462   559.00        5.363014E+14   5.7548E-06   5.9567E-06   0.96610
FLUX  463   561.00        5.343895E+14   5.8171E-06   5.9797E-06   0.97280
FLUX  464   563.00        5.324911E+14   5.8974E-06   6.0032E-06   0.98238
FLUX  465   565.00        5.306062E+14   5.8767E-06   6.0259E-06   0.97524
FLUX  466   567.00        5.287346E+14   5.8386E-06   6.0484E-06   0.96531
FLUX  467   569.00        5.268761E+14   5.9513E-06   6.0707E-06   0.98034
FLUX  468   571.00        5.250306E+14   5.9206E-06   6.0925E-06   0.97178
FLUX  469   573.00        5.231981E+14   6.0749E-06   6.1141E-06   0.99359
FLUX  470   575.00        5.213783E+14   6.0524E-06   6.1355E-06   0.98646
FLUX  471   577.00        5.195711E+14   6.1005E-06   6.1567E-06   0.99086
FLUX  472   579.00        5.177763E+14   6.0826E-06   6.1777E-06   0.98460
FLUX  473   581.00        5.159940E+14   6.1278E-06   6.1985E-06   0.98859
FLUX  474   583.00        5.142238E+14   6.1795E-06   6.2192E-06   0.99362
FLUX  475   585.00        5.124658E+14   6.1469E-06   6.2396E-06   0.98513
FLUX  476   587.00        5.107198E+14   6.2011E-06   6.2599E-06   0.99061
FLUX  477   589.00        5.089856E+14   6.0965E-06   6.2800E-06   0.97077
FLUX  478   591.00        5.072631E+14   6.2350E-06   6.3000E-06   0.98969
FLUX  479   593.00        5.055523E+14   6.2540E-06   6.3197E-06   0.98960
FLUX  480   595.00        5.038529E+14   6.2883E-06   6.3395E-06   0.99193
FLUX  481   597.00        5.021650E+14   6.3177E-06   6.3588E-06   0.99353
FLUX  482   599.00        5.004883E+14   6.3110E-06   6.3780E-06   0.98949
FLUX  483   601.00        4.988228E+14   6.3154E-06   6.3970E-06   0.98725
FLUX  484   603.00        4.971683E+14   6.3359E-06   6.4158E-06   0.98755
FLUX  485   605.00        4.955248E+14   6.3971E-06   6.4344E-06   0.99419
FLUX  486   607.00        4.938921E+14   6.4229E-06   6.4529E-06   0.99535
FLUX  487   609.00        4.922701E+14   6.4015E-06   6.4710E-06   0.98926
FLUX  488   611.00        4.906588E+14   6.3833E-06   6.4889E-06   0.98372
FLUX  489   613.00        4.890579E+14   6.3293E-06   6.5066E-06   0.97275
FLUX  490   615.00        4.874675E+14   6.3424E-06   6.5241E-06   0.97216
FLUX  491   617.00        4.858874E+14   6.3551E-06   6.5414E-06   0.97152
FLUX  492   619.00        4.843174E+14   6.4818E-06   6.5586E-06   0.98828
FLUX  493   621.00        4.827576E+14   6.5246E-06   6.5757E-06   0.99222
FLUX  494   623.00        4.812079E+14   6.4599E-06   6.5927E-06   0.97986
FLUX  495   625.00        4.796680E+14   6.3261E-06   6.6094E-06   0.95714
FLUX  496   627.00        4.781380E+14   6.5559E-06   6.6271E-06   0.98925
FLUX  497   629.00        4.766176E+14   6.5731E-06   6.6436E-06   0.98938
FLUX  498   631.00        4.751070E+14   6.4938E-06   6.6599E-06   0.97507
FLUX  499   633.00        4.736058E+14   6.5698E-06   6.6760E-06   0.98408
FLUX  500   635.00        4.721142E+14   6.6232E-06   6.6921E-06   0.98971
FLUX  501   637.00        4.706319E+14   6.6261E-06   6.7078E-06   0.98781
FLUX  502   639.00        4.691588E+14   6.6472E-06   6.7235E-06   0.98866
FLUX  503   641.00        4.676950E+14   6.5951E-06   6.7389E-06   0.97866
FLUX  504   643.00        4.662403E+14   6.6440E-06   6.7542E-06   0.98367
FLUX  505   645.00        4.647946E+14   6.6476E-06   6.7694E-06   0.98200
FLUX  506   647.00        4.633578E+14   6.6958E-06   6.7844E-06   0.98695
FLUX  507   649.00        4.619299E+14   6.5975E-06   6.7992E-06   0.97035
FLUX  508   651.00        4.605107E+14   6.7245E-06   6.8140E-06   0.98688
FLUX  509   653.00        4.591003E+14   6.7798E-06   6.8282E-06   0.99291
FLUX  510   655.00        4.576985E+14   6.6318E-06   6.8431E-06   0.96913
FLUX  511   657.00        4.563052E+14   5.8043E-06   6.8570E-06   0.84647
FLUX  512   659.00        4.549203E+14   6.7617E-06   6.8709E-06   0.98411
FLUX  513   661.00        4.535439E+14   6.7971E-06   6.8845E-06   0.98731
FLUX  514   663.00        4.521757E+14   6.8707E-06   6.8981E-06   0.99604
FLUX  515   665.00        4.508158E+14   6.8676E-06   6.9114E-06   0.99366
FLUX  516   667.00        4.494640E+14   6.8573E-06   6.9247E-06   0.99027
FLUX  517   669.00        4.481203E+14   6.9165E-06   6.9377E-06   0.99695
FLUX  518   671.00        4.467846E+14   6.9012E-06   6.9507E-06   0.99289
FLUX  519   673.00        4.454569E+14   6.9425E-06   6.9634E-06   0.99700
FLUX  520   675.00        4.441370E+14   6.9238E-06   6.9761E-06   0.99251
FLUX  521   677.00        4.428250E+14   6.9553E-06   6.9885E-06   0.99524
FLUX  522   679.00        4.415206E+14   6.9527E-06   7.0008E-06   0.99313
FLUX  523   681.00        4.402239E+14   6.9795E-06   7.0130E-06   0.99522
FLUX  524   683.00        4.389348E+14   6.9848E-06   7.0251E-06   0.99426
FLUX  525   685.00        4.376533E+14   6.9811E-06   7.0370E-06   0.99206
FLUX  526   687.00        4.363792E+14   7.0150E-06   7.0487E-06   0.99522
FLUX  527   689.00        4.351125E+14   7.0408E-06   7.0603E-06   0.99724
FLUX  528   691.00        4.338531E+14   7.0459E-06   7.0718E-06   0.99633
FLUX  529   693.00        4.326010E+14   7.0587E-06   7.0831E-06   0.99655
FLUX  530   695.00        4.313561E+14   7.0620E-06   7.0943E-06   0.99543
FLUX  531   697.00        4.301184E+14   7.0860E-06   7.1054E-06   0.99727
FLUX  532   699.00        4.288877E+14   7.0927E-06   7.1163E-06   0.99667
FLUX  533   701.00        4.276640E+14   7.0482E-06   7.1271E-06   0.98892
FLUX  534   703.00        4.264474E+14   7.0998E-06   7.1376E-06   0.99470
FLUX  535   705.00        4.252376E+14   7.1260E-06   7.1480E-06   0.99691
FLUX  536   707.00        4.240346E+14   7.1241E-06   7.1582E-06   0.99523
FLUX  537   709.00        4.228385E+14   7.1406E-06   7.1683E-06   0.99614
FLUX  538   711.00        4.216491E+14   7.1115E-06   7.1783E-06   0.99070
FLUX  539   713.00        4.204663E+14   7.1319E-06   7.1882E-06   0.99217
FLUX  540   715.00        4.192902E+14   7.1415E-06   7.1979E-06   0.99217
FLUX  541   717.00        4.181206E+14   7.1622E-06   7.2074E-06   0.99372
FLUX  542   719.00        4.169576E+14   7.1110E-06   7.2169E-06   0.98532
FLUX  543   721.00        4.158010E+14   7.1368E-06   7.2262E-06   0.98763
FLUX  544   723.00        4.146508E+14   7.1606E-06   7.2354E-06   0.98966
FLUX  545   725.00        4.135069E+14   7.2106E-06   7.2448E-06   0.99527
FLUX  546   727.00        4.123693E+14   7.2195E-06   7.2537E-06   0.99529
FLUX  547   729.00        4.112380E+14   7.1786E-06   7.2625E-06   0.98845
FLUX  548   731.00        4.101129E+14   7.1829E-06   7.2720E-06   0.98775
FLUX  549   733.00        4.089939E+14   7.2097E-06   7.2805E-06   0.99028
FLUX  550   735.00        4.078809E+14   7.2331E-06   7.2889E-06   0.99234
FLUX  551   737.00        4.067741E+14   7.2752E-06   7.2971E-06   0.99699
FLUX  552   739.00        4.056732E+14   7.2373E-06   7.3053E-06   0.99069
FLUX  553   741.00        4.045783E+14   7.1973E-06   7.3133E-06   0.98414
FLUX  554   743.00        4.034892E+14   7.2338E-06   7.3212E-06   0.98806
FLUX  555   745.00        4.024060E+14   7.2545E-06   7.3290E-06   0.98984
FLUX  556   747.00        4.013286E+14   7.2729E-06   7.3367E-06   0.99131
FLUX  557   749.00        4.002570E+14   7.2711E-06   7.3442E-06   0.99004
FLUX  558   751.00        3.991911E+14   7.2839E-06   7.3517E-06   0.99079
FLUX  559   753.00        3.981308E+14   7.3129E-06   7.3590E-06   0.99373
FLUX  560   755.00        3.970762E+14   7.3474E-06   7.3662E-06   0.99745
FLUX  561   757.00        3.960271E+14   7.3303E-06   7.3733E-06   0.99417
FLUX  562   759.00        3.949835E+14   7.3445E-06   7.3803E-06   0.99515
FLUX  563   761.00        3.939455E+14   7.3567E-06   7.3871E-06   0.99589
FLUX  564   763.00        3.929128E+14   7.3708E-06   7.3938E-06   0.99690
FLUX  565   765.00        3.918856E+14   7.3626E-06   7.4003E-06   0.99491
FLUX  566   767.00        3.908638E+14   7.3227E-06   7.4067E-06   0.98866
FLUX  567   769.00        3.898472E+14   7.3866E-06   7.4131E-06   0.99643
FLUX  568   771.00        3.888359E+14   7.3331E-06   7.4193E-06   0.98838
FLUX  569   773.00        3.878299E+14   7.3640E-06   7.4254E-06   0.99173
FLUX  570   775.00        3.868290E+14   7.3727E-06   7.4314E-06   0.99210
FLUX  571   777.00        3.858333E+14   7.3484E-06   7.4373E-06   0.98805
FLUX  572   779.00        3.848427E+14   7.4206E-06   7.4431E-06   0.99697
FLUX  573   781.00        3.838572E+14   7.4343E-06   7.4488E-06   0.99806
FLUX  574   783.00        3.828768E+14   7.4097E-06   7.4544E-06   0.99400
FLUX  575   785.00        3.819013E+14   7.4062E-06   7.4599E-06   0.99280
FLUX  576   787.00        3.809307E+14   7.4445E-06   7.4653E-06   0.99721
FLUX  577   789.00        3.799651E+14   7.4368E-06   7.4706E-06   0.99547
FLUX  578   791.00        3.790044E+14   7.4403E-06   7.4758E-06   0.99525
FLUX  579   793.00        3.780485E+14   7.4119E-06   7.4809E-06   0.99078
FLUX  580   795.00        3.770975E+14   7.4190E-06   7.4859E-06   0.99106
FLUX  581   797.00        3.761512E+14   7.4818E-06   7.4908E-06   0.99879
FLUX  582   799.00        3.752096E+14   7.4808E-06   7.4956E-06   0.99801
FLUX  583   801.00        3.742728E+14   7.4676E-06   7.5003E-06   0.99564
FLUX  584   803.00        3.733406E+14   7.4779E-06   7.5049E-06   0.99640
FLUX  585   805.00        3.724130E+14   7.4706E-06   7.5094E-06   0.99483
FLUX  586   807.00        3.714901E+14   7.4974E-06   7.5138E-06   0.99781
FLUX  587   809.00        3.705717E+14   7.4759E-06   7.5181E-06   0.99439
FLUX  588   811.00        3.696578E+14   7.5126E-06   7.5223E-06   0.99871
FLUX  589   813.00        3.687485E+14   7.5214E-06   7.5264E-06   0.99934
FLUX  590   815.00        3.678436E+14   7.5221E-06   7.5304E-06   0.99889
FLUX  591   817.00        3.669431E+14   7.5257E-06   7.5343E-06   0.99885
FLUX  592   819.00        3.660470E+14   7.4412E-06   7.5382E-06   0.98714
FLUX  593   821.00        3.651553E+14   7.4976E-06   7.8825E-06   0.95117
FLUX  594   823.00        3.642679E+14   7.4824E-06   7.8861E-06   0.94881
FLUX  595   825.00        3.633848E+14   7.4906E-06   7.8896E-06   0.94943
FLUX  596   827.00        3.625060E+14   7.5452E-06   7.8931E-06   0.95593
FLUX  597   829.00        3.616315E+14   7.5428E-06   7.8965E-06   0.95521
FLUX  598   831.00        3.607611E+14   7.5137E-06   7.8997E-06   0.95114
FLUX  599   833.00        3.598950E+14   7.4388E-06   7.9028E-06   0.94129
FLUX  600   835.00        3.590329E+14   7.5503E-06   7.9059E-06   0.95503
FLUX  601   837.00        3.581750E+14   7.4995E-06   7.9089E-06   0.94824
FLUX  602   839.00        3.573212E+14   7.4947E-06   7.9118E-06   0.94728
FLUX  603   841.00        3.564715E+14   7.5509E-06   7.9147E-06   0.95403
FLUX  604   843.00        3.556257E+14   7.6017E-06   7.9175E-06   0.96012
FLUX  605   845.00        3.547840E+14   7.5629E-06   7.9202E-06   0.95489
FLUX  606   847.00        3.539463E+14   7.5175E-06   7.9228E-06   0.94884
FLUX  607   849.00        3.531125E+14   7.5383E-06   7.9254E-06   0.95116
FLUX  608   851.00        3.522826E+14   7.1493E-06   7.9278E-06   0.90180
FLUX  609   853.00        3.514566E+14   7.5569E-06   7.9303E-06   0.95292
FLUX  610   855.00        3.506345E+14   6.2506E-06   7.9327E-06   0.78795
FLUX  611   857.00        3.498162E+14   7.8006E-06   7.9350E-06   0.98306
FLUX  612   859.00        3.490017E+14   7.7440E-06   7.9372E-06   0.97565
FLUX  613   861.00        3.481911E+14   7.6436E-06   7.9393E-06   0.96275
FLUX  614   863.00        3.473841E+14   7.8717E-06   7.9414E-06   0.99122
FLUX  615   865.00        3.465809E+14   7.7626E-06   7.9434E-06   0.97724
FLUX  616   867.00        3.457814E+14   6.5094E-06   7.9454E-06   0.81927
FLUX  617   869.00        3.449856E+14   7.7630E-06   7.9472E-06   0.97682
FLUX  618   871.00        3.441935E+14   7.9069E-06   7.9491E-06   0.99469
FLUX  619   873.00        3.434049E+14   7.8956E-06   7.9508E-06   0.99306
FLUX  620   875.00        3.426200E+14   7.5687E-06   7.9525E-06   0.95174
FLUX  621   877.00        3.418387E+14   7.9122E-06   7.9541E-06   0.99473
FLUX  622   879.00        3.410609E+14   7.9162E-06   7.9556E-06   0.99504
FLUX  623   881.00        3.402866E+14   7.8693E-06   7.9571E-06   0.98896
FLUX  624   883.00        3.395159E+14   7.8613E-06   7.9585E-06   0.98778
FLUX  625   885.00        3.387486E+14   7.8574E-06   7.9599E-06   0.98713
FLUX  626   887.00        3.379848E+14   7.5701E-06   7.9612E-06   0.95088
FLUX  627   889.00        3.372244E+14   7.9256E-06   7.9624E-06   0.99538
FLUX  628   891.00        3.364674E+14   7.9110E-06   7.9636E-06   0.99340
FLUX  629   893.00        3.357139E+14   7.8852E-06   7.9647E-06   0.99002
FLUX  630   895.00        3.349637E+14   7.9195E-06   7.9658E-06   0.99419
FLUX  631   897.00        3.342168E+14   7.9367E-06   7.9668E-06   0.99622
FLUX  632   899.00        3.334733E+14   7.9263E-06   7.9677E-06   0.99480
FLUX  633   901.00        3.327331E+14   7.5718E-06   7.9686E-06   0.95020
FLUX  634   903.00        3.319961E+14   7.8681E-06   7.9694E-06   0.98729
FLUX  635   905.00        3.312624E+14   7.9619E-06   7.9701E-06   0.99897
FLUX  636   907.00        3.305320E+14   7.8348E-06   7.9708E-06   0.98293
FLUX  637   909.00        3.298047E+14   7.7285E-06   7.9714E-06   0.96952
FLUX  638   911.00        3.290807E+14   7.8736E-06   7.9720E-06   0.98765
FLUX  639   913.00        3.283598E+14   7.9496E-06   7.9725E-06   0.99712
FLUX  640   915.00        3.276421E+14   7.9593E-06   7.9729E-06   0.99829
FLUX  641   917.00        3.269275E+14   7.9536E-06   7.9733E-06   0.99754
FLUX  642   919.00        3.262160E+14   7.9617E-06   7.9736E-06   0.99851
FLUX  643   921.00        3.255076E+14   7.8737E-06   7.9739E-06   0.98744
FLUX  644   923.00        3.248023E+14   7.5136E-06   7.9741E-06   0.94226
FLUX  645   925.00        3.241000E+14   7.8166E-06   7.9743E-06   0.98023
FLUX  646   927.00        3.234008E+14   7.9103E-06   7.9744E-06   0.99196
FLUX  647   929.00        3.227045E+14   7.9555E-06   7.9746E-06   0.99761
FLUX  648   931.00        3.220113E+14   7.9643E-06   7.9746E-06   0.99870
FLUX  649   933.00        3.213210E+14   7.9565E-06   7.9747E-06   0.99772
FLUX  650   935.00        3.206337E+14   7.9552E-06   7.9746E-06   0.99757
FLUX  651   937.00        3.199493E+14   7.9514E-06   7.9746E-06   0.99710
FLUX  652   939.00        3.192678E+14   7.9594E-06   7.9744E-06   0.99811
FLUX  653   941.00        3.185893E+14   7.7845E-06   7.9742E-06   0.97620
FLUX  654   943.00        3.179136E+14   7.9147E-06   7.9740E-06   0.99257
FLUX  655   945.00        3.172407E+14   7.9247E-06   7.9738E-06   0.99385
FLUX  656   947.00        3.165707E+14   7.9622E-06   7.9734E-06   0.99860
FLUX  657   949.00        3.159036E+14   7.9690E-06   7.9731E-06   0.99949
FLUX  658   951.00        3.152392E+14   7.9592E-06   7.9727E-06   0.99831
FLUX  659   953.00        3.145776E+14   7.9373E-06   7.9722E-06   0.99562
FLUX  660   955.00        3.139188E+14   7.5775E-06   7.9717E-06   0.95054
FLUX  661   957.00        3.132628E+14   7.9335E-06   7.9712E-06   0.99527
FLUX  662   959.00        3.126095E+14   7.9621E-06   7.9706E-06   0.99894
FLUX  663   961.00        3.119589E+14   7.9137E-06   7.9699E-06   0.99294
FLUX  664   963.00        3.113110E+14   7.8869E-06   7.9692E-06   0.98966
FLUX  665   965.00        3.106658E+14   7.9187E-06   7.9685E-06   0.99375
FLUX  666   967.00        3.100233E+14   7.8709E-06   7.9677E-06   0.98784
FLUX  667   969.00        3.093834E+14   7.9199E-06   7.9669E-06   0.99409
FLUX  668   971.00        3.087461E+14   7.9530E-06   7.9661E-06   0.99836
FLUX  669   973.00        3.081115E+14   7.9502E-06   7.9652E-06   0.99813
FLUX  670   975.00        3.074795E+14   7.8999E-06   7.9642E-06   0.99192
FLUX  671   977.00        3.068500E+14   7.9460E-06   7.9632E-06   0.99784
FLUX  672   979.00        3.062232E+14   7.9365E-06   7.9622E-06   0.99677
FLUX  673   981.00        3.055989E+14   7.9492E-06   7.9611E-06   0.99850
FLUX  674   983.00        3.049771E+14   7.9504E-06   7.9600E-06   0.99879
FLUX  675   985.00        3.043579E+14   7.9290E-06   7.9589E-06   0.99625
FLUX  676   987.00        3.037411E+14   7.9297E-06   7.9577E-06   0.99648
FLUX  677   989.00        3.031269E+14   7.9045E-06   7.9565E-06   0.99346
FLUX  678   991.00        3.025151E+14   7.9242E-06   7.9553E-06   0.99609
FLUX  679   993.00        3.019058E+14   7.9287E-06   7.9540E-06   0.99682
FLUX  680   995.00        3.012990E+14   7.9372E-06   7.9527E-06   0.99805
FLUX  681   997.00        3.006946E+14   7.9424E-06   7.9513E-06   0.99888
FLUX  682   999.00        3.000926E+14   7.9419E-06   7.9500E-06   0.99899
FLUX  683  1002.50        2.990449E+14   7.8821E-06   7.9475E-06   0.99177
FLUX  684  1007.50        2.975608E+14   7.7892E-06   7.9438E-06   0.98054
FLUX  685  1012.50        2.960914E+14   7.8914E-06   7.9399E-06   0.99389
FLUX  686  1017.50        2.946364E+14   7.8957E-06   7.9358E-06   0.99495
FLUX  687  1022.50        2.931956E+14   7.9044E-06   7.9315E-06   0.99657
FLUX  688  1027.50        2.917689E+14   7.9211E-06   7.9272E-06   0.99924
FLUX  689  1032.50        2.903559E+14   7.8533E-06   7.9226E-06   0.99125
FLUX  690  1037.50        2.889566E+14   7.8911E-06   7.9179E-06   0.99661
FLUX  691  1042.50        2.875707E+14   7.9023E-06   7.9130E-06   0.99865
FLUX  692  1047.50        2.861981E+14   7.8279E-06   7.9080E-06   0.98988
FLUX  693  1052.50        2.848385E+14   7.8744E-06   7.9027E-06   0.99642
FLUX  694  1057.50        2.834917E+14   7.8622E-06   7.8972E-06   0.99557
FLUX  695  1062.50        2.821576E+14   7.8357E-06   7.8915E-06   0.99292
FLUX  696  1067.50        2.808361E+14   7.7403E-06   7.8857E-06   0.98156
FLUX  697  1072.50        2.795268E+14   7.8088E-06   7.8798E-06   0.99100
FLUX  698  1077.50        2.782297E+14   7.8090E-06   7.8738E-06   0.99177
FLUX  699  1082.50        2.769446E+14   7.7749E-06   7.8677E-06   0.98820
FLUX  700  1087.50        2.756713E+14   7.7930E-06   7.8616E-06   0.99128
FLUX  701  1092.50        2.744096E+14   7.6133E-06   7.8553E-06   0.96920
FLUX  702  1097.50        2.731595E+14   7.7742E-06   7.8489E-06   0.99048
FLUX  703  1102.50        2.719206E+14   7.8217E-06   7.8423E-06   0.99737
FLUX  704  1107.50        2.706930E+14   7.8287E-06   7.8356E-06   0.99912
FLUX  705  1112.50        2.694764E+14   7.8014E-06   7.8288E-06   0.99650
FLUX  706  1117.50        2.682707E+14   7.7888E-06   7.8219E-06   0.99577
FLUX  707  1122.50        2.670757E+14   7.8049E-06   7.8149E-06   0.99873
FLUX  708  1127.50        2.658913E+14   7.7400E-06   7.8078E-06   0.99132
FLUX  709  1132.50        2.647174E+14   7.7322E-06   7.8007E-06   0.99122
FLUX  710  1137.50        2.635538E+14   7.7554E-06   7.7936E-06   0.99511
FLUX  711  1142.50        2.624004E+14   7.7093E-06   7.7862E-06   0.99012
FLUX  712  1147.50        2.612571E+14   7.7688E-06   7.7787E-06   0.99872
FLUX  713  1152.50        2.601236E+14   7.7645E-06   7.7712E-06   0.99914
FLUX  714  1157.50        2.590000E+14   7.7428E-06   7.7635E-06   0.99733
FLUX  715  1162.50        2.578860E+14   7.6658E-06   7.7558E-06   0.98840
FLUX  716  1167.50        2.567816E+14   7.6474E-06   7.7480E-06   0.98702
FLUX  717  1172.50        2.556866E+14   7.7327E-06   7.7402E-06   0.99903
FLUX  718  1177.50        2.546008E+14   7.6181E-06   7.7323E-06   0.98523
FLUX  719  1182.50        2.535243E+14   7.6522E-06   7.7244E-06   0.99065
FLUX  720  1187.50        2.524568E+14   7.6043E-06   7.7164E-06   0.98547
FLUX  721  1192.50        2.513983E+14   7.7062E-06   7.7084E-06   0.99972
FLUX  722  1197.50        2.503486E+14   7.5988E-06   7.7003E-06   0.98683
FLUX  723  1202.50        2.493077E+14   7.6542E-06   7.6921E-06   0.99507
FLUX  724  1207.50        2.482754E+14   7.6352E-06   7.6838E-06   0.99367
FLUX  725  1212.50        2.472515E+14   7.6425E-06   7.6754E-06   0.99571
FLUX  726  1217.50        2.462361E+14   7.6601E-06   7.6670E-06   0.99909
FLUX  727  1222.50        2.452290E+14   7.6483E-06   7.6586E-06   0.99866
FLUX  728  1227.50        2.442301E+14   7.6232E-06   7.6501E-06   0.99648
FLUX  729  1232.50        2.432393E+14   7.6276E-06   7.6416E-06   0.99816
FLUX  730  1237.50        2.422566E+14   7.6188E-06   7.6331E-06   0.99813
FLUX  731  1242.50        2.412817E+14   7.6167E-06   7.6246E-06   0.99896
FLUX  732  1247.50        2.403146E+14   7.6097E-06   7.6160E-06   0.99918
FLUX  733  1252.50        2.393553E+14   7.5891E-06   7.6074E-06   0.99760
FLUX  734  1257.50        2.384036E+14   7.5618E-06   7.5987E-06   0.99514
FLUX  735  1262.50        2.374594E+14   7.5584E-06   7.5901E-06   0.99583
FLUX  736  1267.50        2.365227E+14   7.5689E-06   7.5814E-06   0.99836
FLUX  737  1272.50        2.355933E+14   7.5688E-06   7.5726E-06   0.99949
FLUX  738  1277.50        2.346712E+14   7.5568E-06   7.5639E-06   0.99906
FLUX  739  1282.50        2.337563E+14   7.2638E-06   7.5552E-06   0.96142
FLUX  740  1287.50        2.328485E+14   7.5357E-06   7.5465E-06   0.99857
FLUX  741  1292.50        2.319478E+14   7.5202E-06   7.5377E-06   0.99768
FLUX  742  1297.50        2.310539E+14   7.5180E-06   7.5288E-06   0.99857
FLUX  743  1302.50        2.301670E+14   7.5110E-06   7.5199E-06   0.99881
FLUX  744  1307.50        2.292868E+14   7.5065E-06   7.5109E-06   0.99942
FLUX  745  1312.50        2.284133E+14   7.4790E-06   7.5018E-06   0.99695
FLUX  746  1317.50        2.275465E+14   7.4593E-06   7.4928E-06   0.99553
FLUX  747  1322.50        2.266862E+14   7.4767E-06   7.4836E-06   0.99907
FLUX  748  1327.50        2.258324E+14   7.4512E-06   7.4745E-06   0.99689
FLUX  749  1332.50        2.249850E+14   7.4521E-06   7.4652E-06   0.99825
FLUX  750  1337.50        2.241439E+14   7.4439E-06   7.4560E-06   0.99838
FLUX  751  1342.50        2.233091E+14   7.4405E-06   7.4467E-06   0.99916
FLUX  752  1347.50        2.224805E+14   7.4313E-06   7.4374E-06   0.99917
FLUX  753  1352.50        2.216580E+14   7.4134E-06   7.4281E-06   0.99802
FLUX  754  1357.50        2.208416E+14   7.3901E-06   7.4188E-06   0.99614
FLUX  755  1362.50        2.200312E+14   7.3959E-06   7.4095E-06   0.99817
FLUX  756  1367.50        2.192267E+14   7.3862E-06   7.4000E-06   0.99813
FLUX  757  1372.50        2.184280E+14   7.3234E-06   7.3905E-06   0.99092
FLUX  758  1377.50        2.176352E+14   7.3496E-06   7.3810E-06   0.99575
FLUX  759  1382.50        2.168481E+14   7.3426E-06   7.3713E-06   0.99610
FLUX  760  1387.50        2.160667E+14   7.3516E-06   7.3616E-06   0.99863
FLUX  761  1392.50        2.152908E+14   7.3332E-06   7.3518E-06   0.99746
FLUX  762  1397.50        2.145206E+14   7.3295E-06   7.3420E-06   0.99830
FLUX  763  1402.50        2.137558E+14   7.3088E-06   7.3322E-06   0.99681
FLUX  764  1407.50        2.129964E+14   7.3144E-06   7.3222E-06   0.99892
FLUX  765  1412.50        2.122425E+14   7.2899E-06   7.3122E-06   0.99695
FLUX  766  1417.50        2.114938E+14   7.2914E-06   7.3022E-06   0.99852
FLUX  767  1422.50        2.107504E+14   7.2576E-06   7.2920E-06   0.99529
FLUX  768  1427.50        2.100123E+14   7.2395E-06   7.2817E-06   0.99421
FLUX  769  1432.50        2.092792E+14   7.2577E-06   7.2712E-06   0.99815
FLUX  770  1437.50        2.085513E+14   7.2567E-06   7.2606E-06   0.99947
FLUX  771  1442.50        2.078284E+14   7.1214E-06   7.2498E-06   0.98228
FLUX  772  1447.50        2.071105E+14   7.2285E-06   7.2390E-06   0.99855
FLUX  773  1452.50        2.063976E+14   7.1520E-06   7.2281E-06   0.98948
FLUX  774  1457.00        2.057601E+14   7.1880E-06   7.2182E-06   0.99582
FLUX  775  1462.00        2.050564E+14   7.1673E-06   7.4457E-06   0.96261
FLUX  776  1467.50        2.042879E+14   7.1822E-06   7.4358E-06   0.96589
FLUX  777  1472.50        2.035942E+14   7.1426E-06   7.4265E-06   0.96177
FLUX  778  1477.50        2.029052E+14   7.1255E-06   7.4171E-06   0.96068
FLUX  779  1482.50        2.022209E+14   7.1231E-06   7.4075E-06   0.96162
FLUX  780  1487.50        2.015412E+14   7.0682E-06   7.3976E-06   0.95547
FLUX  781  1492.50        2.008660E+14   7.1230E-06   7.3876E-06   0.96419
FLUX  782  1497.50        2.001953E+14   7.1043E-06   7.3773E-06   0.96299
FLUX  783  1502.50        1.995291E+14   7.0165E-06   7.3669E-06   0.95244
FLUX  784  1507.50        1.988673E+14   7.0208E-06   7.3562E-06   0.95441
FLUX  785  1512.50        1.982099E+14   7.0515E-06   7.3453E-06   0.96000
FLUX  786  1517.50        1.975568E+14   7.0444E-06   7.3341E-06   0.96050
FLUX  787  1522.50        1.969080E+14   7.0956E-06   7.3226E-06   0.96900
FLUX  788  1527.50        1.962635E+14   6.9835E-06   7.3108E-06   0.95523
FLUX  789  1532.50        1.956232E+14   6.9812E-06   7.2987E-06   0.95650
FLUX  790  1537.50        1.949870E+14   7.0881E-06   7.2862E-06   0.97281
FLUX  791  1542.50        1.943549E+14   6.9069E-06   7.2734E-06   0.94962
FLUX  792  1547.50        1.937270E+14   7.0803E-06   7.2603E-06   0.97521
FLUX  793  1552.50        1.931031E+14   7.0983E-06   7.2468E-06   0.97951
FLUX  794  1557.50        1.924831E+14   6.8672E-06   7.2329E-06   0.94944
FLUX  795  1562.50        1.918672E+14   7.1152E-06   7.2185E-06   0.98568
FLUX  796  1567.50        1.912552E+14   7.0432E-06   7.2038E-06   0.97771
FLUX  797  1572.50        1.906471E+14   6.8428E-06   7.1885E-06   0.95190
FLUX  798  1577.50        1.900428E+14   7.0366E-06   7.1729E-06   0.98100
FLUX  799  1582.50        1.894423E+14   7.0717E-06   7.1567E-06   0.98812
FLUX  800  1587.50        1.888457E+14   6.6938E-06   7.1399E-06   0.93752
FLUX  801  1592.50        1.882527E+14   7.0495E-06   7.1226E-06   0.98973
FLUX  802  1597.50        1.876635E+14   7.0612E-06   7.1048E-06   0.99386
FLUX  803  1605.00        1.867866E+14   7.0126E-06   7.0768E-06   0.99093
FLUX  804  1615.00        1.856300E+14   6.8232E-06   7.0368E-06   0.96964
FLUX  805  1625.00        1.844877E+14   6.9723E-06   6.9933E-06   0.99699
FLUX  806  1635.00        1.833593E+14   6.8874E-06   6.9446E-06   0.99177
FLUX  807  1645.00        1.822447E+14   6.6752E-06   6.8887E-06   0.96901
FLUX  808  1655.00        1.811435E+14   6.8092E-06   6.8283E-06   0.99720
FLUX  809  1665.00        1.800556E+14   6.7519E-06   6.7687E-06   0.99753
FLUX  810  1675.00        1.789806E+14   6.6658E-06   6.7098E-06   0.99345
FLUX  811  1685.00        1.779184E+14   6.4511E-06   6.6515E-06   0.96988
FLUX  812  1695.00        1.768687E+14   6.5877E-06   6.5940E-06   0.99905
FLUX  813  1705.00        1.758314E+14   6.5068E-06   6.5371E-06   0.99537
FLUX  814  1715.00        1.748061E+14   6.4626E-06   6.4810E-06   0.99716
FLUX  815  1725.00        1.737928E+14   6.3866E-06   6.4256E-06   0.99394
FLUX  816  1735.00        1.727911E+14   6.1502E-06   6.3708E-06   0.96538
FLUX  817  1745.00        1.718009E+14   6.2659E-06   6.3167E-06   0.99197
FLUX  818  1755.00        1.708219E+14   6.2342E-06   6.2632E-06   0.99537
FLUX  819  1765.00        1.698541E+14   6.1728E-06   6.2105E-06   0.99393
FLUX  820  1775.00        1.688972E+14   6.1346E-06   6.1583E-06   0.99615
FLUX  821  1785.00        1.679510E+14   6.0839E-06   6.1068E-06   0.99625
FLUX  822  1795.00        1.670153E+14   6.0501E-06   6.0559E-06   0.99903
FLUX  823  1805.00        1.660900E+14   5.9881E-06   6.0056E-06   0.99709
FLUX  824  1815.00        1.651749E+14   5.7876E-06   5.9559E-06   0.97175
FLUX  825  1825.00        1.642699E+14   5.8742E-06   5.9068E-06   0.99448
FLUX  826  1835.00        1.633747E+14   5.8447E-06   5.8582E-06   0.99769
FLUX  827  1845.00        1.624892E+14   5.7899E-06   5.8102E-06   0.99651
FLUX  828  1855.00        1.616132E+14   5.7447E-06   5.7628E-06   0.99685
FLUX  829  1865.00        1.607466E+14   5.7000E-06   5.7159E-06   0.99722
FLUX  830  1875.00        1.598893E+14   5.4438E-06   5.6696E-06   0.96018
FLUX  831  1885.00        1.590411E+14   5.5951E-06   5.6238E-06   0.99489
FLUX  832  1895.00        1.582018E+14   5.5156E-06   5.5785E-06   0.98872
FLUX  833  1905.00        1.573714E+14   5.5264E-06   5.5337E-06   0.99867
FLUX  834  1915.00        1.565496E+14   5.4791E-06   5.4895E-06   0.99812
FLUX  835  1925.00        1.557364E+14   5.4355E-06   5.4457E-06   0.99812
FLUX  836  1935.00        1.549315E+14   5.3848E-06   5.4024E-06   0.99673
FLUX  837  1945.00        1.541350E+14   5.1966E-06   5.3597E-06   0.96957
FLUX  838  1955.00        1.533465E+14   5.3032E-06   5.3174E-06   0.99733
FLUX  839  1965.00        1.525662E+14   5.2651E-06   5.2756E-06   0.99802
FLUX  840  1975.00        1.517937E+14   5.2056E-06   5.2343E-06   0.99452
FLUX  841  1985.00        1.510290E+14   5.1810E-06   5.1934E-06   0.99760
FLUX  842  1995.00        1.502719E+14   5.1415E-06   5.1530E-06   0.99777
FLUX  843  2005.00        1.495224E+14   5.1085E-06   5.1131E-06   0.99911
FLUX  844  2015.00        1.487804E+14   5.0722E-06   5.0736E-06   0.99972
FLUX  845  2025.00        1.480457E+14   5.0265E-06   5.0346E-06   0.99839
FLUX  846  2035.00        1.473182E+14   4.9802E-06   4.9960E-06   0.99683
FLUX  847  2045.00        1.465978E+14   4.9563E-06   4.9579E-06   0.99969
FLUX  848  2055.00        1.458844E+14   4.9171E-06   4.9201E-06   0.99939
FLUX  849  2065.00        1.451780E+14   4.8714E-06   4.8828E-06   0.99766
FLUX  850  2075.00        1.444783E+14   4.8391E-06   4.8458E-06   0.99862
FLUX  851  2085.00        1.437854E+14   4.8049E-06   4.8093E-06   0.99907
FLUX  852  2095.00        1.430990E+14   4.7618E-06   4.7732E-06   0.99760
FLUX  853  2105.00        1.424192E+14   4.7308E-06   4.7375E-06   0.99860
FLUX  854  2115.00        1.417459E+14   4.6892E-06   4.7021E-06   0.99725
FLUX  855  2125.00        1.410788E+14   4.6546E-06   4.6672E-06   0.99731
FLUX  856  2135.00        1.404180E+14   4.6218E-06   4.6326E-06   0.99768
FLUX  857  2145.00        1.397634E+14   4.5961E-06   4.5984E-06   0.99952
FLUX  858  2155.00        1.391148E+14   4.5630E-06   4.5645E-06   0.99968
FLUX  859  2165.00        1.384723E+14   4.4117E-06   4.5310E-06   0.97367
FLUX  860  2175.00        1.378356E+14   4.4892E-06   4.4979E-06   0.99806
FLUX  861  2185.00        1.372048E+14   4.4558E-06   4.4651E-06   0.99790
FLUX  862  2195.00        1.365797E+14   4.4318E-06   4.4327E-06   0.99980
FLUX  863  2205.00        1.359603E+14   4.3876E-06   4.4006E-06   0.99704
FLUX  864  2215.00        1.353465E+14   4.3563E-06   4.3689E-06   0.99711
FLUX  865  2225.00        1.347382E+14   4.3346E-06   4.3375E-06   0.99934
FLUX  866  2235.00        1.341353E+14   4.3036E-06   4.3064E-06   0.99935
FLUX  867  2245.00        1.335379E+14   4.2735E-06   4.2756E-06   0.99951
FLUX  868  2255.00        1.329457E+14   4.2251E-06   4.2452E-06   0.99528
FLUX  869  2265.00        1.323587E+14   4.2070E-06   4.2150E-06   0.99808
FLUX  870  2275.00        1.317769E+14   4.1807E-06   4.1852E-06   0.99892
FLUX  871  2285.00        1.312002E+14   4.1510E-06   4.2047E-06   0.98722
FLUX  872  2295.00        1.306285E+14   4.1203E-06   4.1749E-06   0.98693
FLUX  873  2305.00        1.300618E+14   4.0979E-06   4.1454E-06   0.98854
FLUX  874  2315.00        1.295000E+14   4.0673E-06   4.1162E-06   0.98814
FLUX  875  2325.00        1.289430E+14   4.0401E-06   4.0873E-06   0.98846
FLUX  876  2335.00        1.283908E+14   4.0103E-06   4.0586E-06   0.98810
FLUX  877  2345.00        1.278433E+14   3.9843E-06   4.0303E-06   0.98858
FLUX  878  2355.00        1.273004E+14   3.9561E-06   4.0023E-06   0.98845
FLUX  879  2365.00        1.267622E+14   3.9283E-06   3.9746E-06   0.98836
FLUX  880  2375.00        1.262284E+14   3.9020E-06   3.9471E-06   0.98858
FLUX  881  2385.00        1.256992E+14   3.8726E-06   3.9199E-06   0.98794
FLUX  882  2395.00        1.251743E+14   3.8471E-06   3.8930E-06   0.98821
FLUX  883  2405.00        1.246538E+14   3.8177E-06   3.8663E-06   0.98743
FLUX  884  2415.00        1.241377E+14   3.7880E-06   3.8399E-06   0.98646
FLUX  885  2425.00        1.236258E+14   3.7835E-06   3.8138E-06   0.99206
FLUX  886  2435.00        1.231181E+14   3.7322E-06   3.7880E-06   0.98529
FLUX  887  2445.00        1.226145E+14   3.7065E-06   3.7624E-06   0.98516
FLUX  888  2455.00        1.221151E+14   3.7054E-06   3.7370E-06   0.99153
FLUX  889  2465.00        1.216197E+14   3.6699E-06   3.7119E-06   0.98868
FLUX  890  2475.00        1.211283E+14   3.6457E-06   3.6871E-06   0.98878
FLUX  891  2485.00        1.206408E+14   3.6327E-06   3.6625E-06   0.99186
FLUX  892  2495.00        1.201573E+14   3.5689E-06   3.6381E-06   0.98097
FLUX  893  2505.00        1.196776E+14   3.5990E-06   3.6140E-06   0.99587
FLUX  894  2515.00        1.192018E+14   3.5750E-06   3.5901E-06   0.99580
FLUX  895  2525.00        1.187297E+14   3.4978E-06   3.5664E-06   0.98076
FLUX  896  2535.00        1.182613E+14   3.5303E-06   3.5430E-06   0.99642
FLUX  897  2545.00        1.177967E+14   3.5085E-06   3.5197E-06   0.99680
FLUX  898  2555.00        1.173356E+14   3.4841E-06   3.4967E-06   0.99638
FLUX  899  2565.00        1.168782E+14   3.3981E-06   3.4740E-06   0.97814
FLUX  900  2575.00        1.164243E+14   3.4457E-06   3.4514E-06   0.99833
FLUX  901  2585.00        1.159739E+14   3.4140E-06   3.4291E-06   0.99561
FLUX  902  2595.00        1.155270E+14   3.4041E-06   3.4070E-06   0.99914
FLUX  903  2605.00        1.150835E+14   3.3796E-06   3.3851E-06   0.99840
FLUX  904  2615.00        1.146434E+14   3.2939E-06   3.3633E-06   0.97935
FLUX  905  2625.00        1.142067E+14   3.2497E-06   3.3418E-06   0.97244
FLUX  906  2635.00        1.137732E+14   3.3151E-06   3.3205E-06   0.99835
FLUX  907  2645.00        1.133431E+14   3.2938E-06   3.2994E-06   0.99828
FLUX  908  2655.00        1.129162E+14   3.2696E-06   3.2785E-06   0.99726
FLUX  909  2665.00        1.124925E+14   3.2391E-06   3.2578E-06   0.99426
FLUX  910  2675.00        1.120720E+14   3.1701E-06   3.2373E-06   0.97922
FLUX  911  2685.00        1.116546E+14   3.2150E-06   3.2170E-06   0.99938
FLUX  912  2695.00        1.112403E+14   3.1959E-06   3.1969E-06   0.99971
FLUX  913  2705.00        1.108290E+14   3.1730E-06   3.1769E-06   0.99877
FLUX  914  2715.00        1.104208E+14   3.1559E-06   3.1572E-06   0.99959
FLUX  915  2725.00        1.100156E+14   3.1362E-06   3.1376E-06   0.99956
FLUX  916  2735.00        1.096133E+14   3.1172E-06   3.1182E-06   0.99967
FLUX  917  2745.00        1.092140E+14   3.0987E-06   3.0990E-06   0.99991
FLUX  918  2755.00        1.088176E+14   3.0218E-06   3.0799E-06   0.98111
FLUX  919  2765.00        1.084240E+14   3.0538E-06   3.0611E-06   0.99762
FLUX  920  2775.00        1.080333E+14   3.0411E-06   3.0423E-06   0.99958
FLUX  921  2785.00        1.076454E+14   3.0227E-06   3.0238E-06   0.99965
FLUX  922  2795.00        1.072603E+14   3.0051E-06   3.0054E-06   0.99990
FLUX  923  2805.00        1.068779E+14   2.9867E-06   2.9872E-06   0.99982
FLUX  924  2815.00        1.064982E+14   2.9687E-06   2.9692E-06   0.99983
FLUX  925  2825.00        1.061212E+14   2.9507E-06   2.9513E-06   0.99981
FLUX  926  2835.00        1.057469E+14   2.9335E-06   2.9335E-06   0.99998
FLUX  927  2845.00        1.053752E+14   2.9137E-06   2.9160E-06   0.99922
FLUX  928  2855.00        1.050061E+14   2.8980E-06   2.8985E-06   0.99983
FLUX  929  2865.00        1.046396E+14   2.8789E-06   2.8813E-06   0.99916
FLUX  930  2875.00        1.042757E+14   2.8088E-06   2.8642E-06   0.98066
FLUX  931  2885.00        1.039142E+14   2.8460E-06   2.8472E-06   0.99959
FLUX  932  2895.00        1.035553E+14   2.8297E-06   2.8304E-06   0.99975
FLUX  933  2905.00        1.031988E+14   2.8131E-06   2.8137E-06   0.99980
FLUX  934  2915.00        1.028448E+14   2.7947E-06   2.7972E-06   0.99910
FLUX  935  2925.00        1.024932E+14   2.7787E-06   2.7808E-06   0.99925
FLUX  936  2935.00        1.021440E+14   2.7642E-06   2.7646E-06   0.99986
FLUX  937  2945.00        1.017971E+14   2.7470E-06   2.7485E-06   0.99946
FLUX  938  2955.00        1.014526E+14   2.7321E-06   2.7325E-06   0.99985
FLUX  939  2965.00        1.011105E+14   2.7163E-06   2.7167E-06   0.99987
FLUX  940  2975.00        1.007706E+14   2.7005E-06   2.7010E-06   0.99981
FLUX  941  2985.00        1.004330E+14   2.6852E-06   2.6854E-06   0.99992
FLUX  942  2995.00        1.000977E+14   2.6690E-06   2.6700E-06   0.99961
FLUX  943  3005.00        9.976456E+13   2.6537E-06   2.6547E-06   0.99962
FLUX  944  3015.00        9.943366E+13   2.6387E-06   2.6395E-06   0.99970
FLUX  945  3025.00        9.910496E+13   2.6240E-06   2.6245E-06   0.99980
FLUX  946  3035.00        9.877842E+13   2.5666E-06   2.6096E-06   0.98354
FLUX  947  3045.00        9.845402E+13   2.5865E-06   2.5948E-06   0.99680
FLUX  948  3055.00        9.813175E+13   2.5791E-06   2.5801E-06   0.99964
FLUX  949  3065.00        9.781158E+13   2.5638E-06   2.5655E-06   0.99933
FLUX  950  3075.00        9.749349E+13   2.5506E-06   2.5510E-06   0.99984
FLUX  951  3085.00        9.717747E+13   2.5337E-06   2.5367E-06   0.99882
FLUX  952  3095.00        9.686349E+13   2.5202E-06   2.5225E-06   0.99909
FLUX  953  3105.00        9.655153E+13   2.5062E-06   2.5084E-06   0.99915
FLUX  954  3115.00        9.624157E+13   2.4861E-06   2.4944E-06   0.99666
FLUX  955  3125.00        9.593360E+13   2.4782E-06   2.4805E-06   0.99905
FLUX  956  3135.00        9.562759E+13   2.4646E-06   2.4668E-06   0.99913
FLUX  957  3145.00        9.532353E+13   2.4507E-06   2.4531E-06   0.99903
FLUX  958  3155.00        9.502139E+13   2.4368E-06   2.4396E-06   0.99884
FLUX  959  3165.00        9.472117E+13   2.4256E-06   2.4262E-06   0.99977
FLUX  960  3175.00        9.442283E+13   2.4105E-06   2.4128E-06   0.99903
FLUX  961  3185.00        9.412637E+13   2.3990E-06   2.3996E-06   0.99972
FLUX  962  3195.00        9.383177E+13   2.3862E-06   2.3865E-06   0.99986
FLUX  963  3210.00        9.339330E+13   2.3661E-06   2.3671E-06   0.99956
FLUX  964  3230.00        9.281501E+13   2.3411E-06   2.3415E-06   0.99984
FLUX  965  3250.00        9.224385E+13   2.3159E-06   2.3164E-06   0.99980
FLUX  966  3270.00        9.167966E+13   2.2909E-06   2.2916E-06   0.99969
FLUX  967  3290.00        9.112234E+13   2.2428E-06   2.2748E-06   0.98594
FLUX  968  3310.00        9.057175E+13   2.2404E-06   2.2507E-06   0.99545
FLUX  969  3330.00        9.002778E+13   2.2168E-06   2.2269E-06   0.99547
FLUX  970  3350.00        8.949030E+13   2.1954E-06   2.2035E-06   0.99630
FLUX  971  3370.00        8.895920E+13   2.1703E-06   2.1805E-06   0.99533
FLUX  972  3390.00        8.843436E+13   2.1472E-06   2.1578E-06   0.99510
FLUX  973  3410.00        8.791569E+13   2.1252E-06   2.1355E-06   0.99519
FLUX  974  3430.00        8.740306E+13   2.1054E-06   2.1135E-06   0.99620
FLUX  975  3450.00        8.689638E+13   2.0851E-06   2.0918E-06   0.99679
FLUX  976  3470.00        8.639553E+13   2.0639E-06   2.0705E-06   0.99680
FLUX  977  3490.00        8.590043E+13   2.0431E-06   2.0495E-06   0.99687
FLUX  978  3510.00        8.541097E+13   2.0230E-06   2.0288E-06   0.99715
FLUX  979  3530.00        8.492705E+13   2.0030E-06   2.0084E-06   0.99727
FLUX  980  3550.00        8.444859E+13   1.9826E-06   1.9884E-06   0.99713
FLUX  981  3570.00        8.397549E+13   1.9613E-06   1.9686E-06   0.99629
FLUX  982  3590.00        8.350766E+13   1.9474E-06   1.9491E-06   0.99914
FLUX  983  3610.00        8.304501E+13   1.9230E-06   1.9299E-06   0.99641
FLUX  984  3630.00        8.258746E+13   1.9103E-06   1.9109E-06   0.99966
FLUX  985  3650.00        8.213493E+13   1.8837E-06   1.8923E-06   0.99548
FLUX  986  3670.00        8.168733E+13   1.8718E-06   1.8739E-06   0.99889
FLUX  987  3690.00        8.124458E+13   1.8438E-06   1.8558E-06   0.99357
FLUX  988  3710.00        8.080660E+13   1.8346E-06   1.8379E-06   0.99817
FLUX  989  3730.00        8.037332E+13   1.8135E-06   1.8203E-06   0.99627
FLUX  990  3750.00        7.994467E+13   1.7768E-06   1.8030E-06   0.98550
FLUX  991  3770.00        7.952056E+13   1.7839E-06   1.7859E-06   0.99888
FLUX  992  3790.00        7.910092E+13   1.7674E-06   1.7690E-06   0.99912
FLUX  993  3810.00        7.868569E+13   1.7430E-06   1.7524E-06   0.99468
FLUX  994  3830.00        7.827480E+13   1.7329E-06   1.7360E-06   0.99822
FLUX  995  3850.00        7.786818E+13   1.7192E-06   1.7198E-06   0.99966
FLUX  996  3870.00        7.746576E+13   1.7016E-06   1.7038E-06   0.99870
FLUX  997  3890.00        7.706748E+13   1.6867E-06   1.6881E-06   0.99917
FLUX  998  3910.00        7.667327E+13   1.6612E-06   1.6726E-06   0.99322
FLUX  999  3930.00        7.628308E+13   1.6566E-06   1.6573E-06   0.99959
FLUX 1000  3950.00        7.589683E+13   1.6410E-06   1.6422E-06   0.99932
FLUX 1001  3970.00        7.551448E+13   1.6268E-06   1.6273E-06   0.99971
FLUX 1002  3990.00        7.513596E+13   1.6097E-06   1.6126E-06   0.99821
FLUX 1003  4010.00        7.476122E+13   1.5945E-06   1.5981E-06   0.99776
FLUX 1004  4030.00        7.439020E+13   1.5741E-06   1.5838E-06   0.99390
FLUX 1005  4050.00        7.402284E+13   1.5531E-06   1.5697E-06   0.98944
FLUX 1006  4070.00        7.365909E+13   1.5548E-06   1.5557E-06   0.99938
FLUX 1007  4090.00        7.329890E+13   1.5406E-06   1.5420E-06   0.99912
FLUX 1008  4110.00        7.294221E+13   1.5281E-06   1.5284E-06   0.99981
FLUX 1009  4130.00        7.258898E+13   1.5148E-06   1.5151E-06   0.99985
FLUX 1010  4150.00        7.223916E+13   1.5011E-06   1.5018E-06   0.99947
FLUX 1011  4170.00        7.189269E+13   1.4784E-06   1.4888E-06   0.99301
FLUX 1012  4190.00        7.154952E+13   1.4751E-06   1.4759E-06   0.99943
FLUX 1013  4210.00        7.120962E+13   1.4608E-06   1.4632E-06   0.99837
FLUX 1014  4230.00        7.087293E+13   1.4506E-06   1.4507E-06   0.99997
FLUX 1015  4250.00        7.053941E+13   1.4378E-06   1.4383E-06   0.99962
FLUX 1016  4270.00        7.020902E+13   1.4260E-06   1.4261E-06   0.99993
FLUX 1017  4290.00        6.988170E+13   1.4132E-06   1.4140E-06   0.99943
FLUX 1018  4310.00        6.955742E+13   1.4002E-06   1.4021E-06   0.99864
FLUX 1019  4330.00        6.923614E+13   1.3879E-06   1.3903E-06   0.99828
FLUX 1020  4350.00        6.891782E+13   1.3753E-06   1.3787E-06   0.99755
FLUX 1021  4370.00        6.860240E+13   1.3542E-06   1.3672E-06   0.99049
FLUX 1022  4390.00        6.828986E+13   1.3511E-06   1.3558E-06   0.99649
FLUX 1023  4410.00        6.798016E+13   1.3385E-06   1.3446E-06   0.99543
FLUX 1024  4430.00        6.767325E+13   1.3276E-06   1.3336E-06   0.99552
FLUX 1025  4450.00        6.736910E+13   1.3164E-06   1.3226E-06   0.99527
FLUX 1026  4470.00        6.706767E+13   1.3058E-06   1.3132E-06   0.99429
FLUX 1027  4490.00        6.676893E+13   1.2956E-06   1.3026E-06   0.99464
FLUX 1028  4510.00        6.647284E+13   1.2844E-06   1.2920E-06   0.99414
FLUX 1029  4530.00        6.617936E+13   1.2741E-06   1.2816E-06   0.99414
FLUX 1030  4550.00        6.588846E+13   1.2645E-06   1.2713E-06   0.99466
FLUX 1031  4570.00        6.560011E+13   1.2547E-06   1.2611E-06   0.99495
FLUX 1032  4590.00        6.531427E+13   1.2439E-06   1.2510E-06   0.99435
FLUX 1033  4610.00        6.503091E+13   1.2354E-06   1.2411E-06   0.99547
FLUX 1034  4630.00        6.475000E+13   1.2255E-06   1.2312E-06   0.99531
FLUX 1035  4650.00        6.447150E+13   1.2068E-06   1.2215E-06   0.98793
FLUX 1036  4670.00        6.419540E+13   1.1998E-06   1.2119E-06   0.98999
FLUX 1037  4690.00        6.392164E+13   1.1983E-06   1.2024E-06   0.99653
FLUX 1038  4710.00        6.365021E+13   1.1893E-06   1.1931E-06   0.99685
FLUX 1039  4730.00        6.338108E+13   1.1805E-06   1.1838E-06   0.99724
FLUX 1040  4750.00        6.311421E+13   1.1709E-06   1.1746E-06   0.99684
FLUX 1041  4770.00        6.284958E+13   1.1621E-06   1.1656E-06   0.99706
FLUX 1042  4790.00        6.258716E+13   1.1535E-06   1.1566E-06   0.99731
FLUX 1043  4810.00        6.232692E+13   1.1440E-06   1.1478E-06   0.99671
FLUX 1044  4830.00        6.206884E+13   1.1361E-06   1.1390E-06   0.99740
FLUX 1045  4850.00        6.181289E+13   1.1269E-06   1.1304E-06   0.99690
FLUX 1046  4870.00        6.155903E+13   1.1187E-06   1.1218E-06   0.99724
FLUX 1047  4890.00        6.130726E+13   1.1096E-06   1.1134E-06   0.99657
FLUX 1048  4910.00        6.105753E+13   1.1021E-06   1.1050E-06   0.99735
FLUX 1049  4930.00        6.080984E+13   1.0927E-06   1.0967E-06   0.99632
FLUX 1050  4950.00        6.056414E+13   1.0856E-06   1.0886E-06   0.99727
FLUX 1051  4970.00        6.032042E+13   1.0761E-06   1.0805E-06   0.99596
FLUX 1052  4990.00        6.007866E+13   1.0701E-06   1.0725E-06   0.99773
FLUX 1053  5010.00        5.983882E+13   1.0615E-06   1.0646E-06   0.99706
FLUX 1054  5030.00        5.960089E+13   1.0529E-06   1.0568E-06   0.99632
FLUX 1055  5050.00        5.936485E+13   1.0459E-06   1.0490E-06   0.99698
FLUX 1056  5070.00        5.913067E+13   1.0386E-06   1.0414E-06   0.99736
FLUX 1057  5090.00        5.889833E+13   1.0298E-06   1.0338E-06   0.99608
FLUX 1058  5110.00        5.866781E+13   1.0236E-06   1.0263E-06   0.99731
FLUX 1059  5130.00        5.843908E+13   1.0105E-06   1.0189E-06   0.99167
FLUX 1060  5150.00        5.821214E+13   1.0092E-06   1.0116E-06   0.99762
FLUX 1061  5170.00        5.798694E+13   1.0003E-06   1.0044E-06   0.99591
FLUX 1062  5190.00        5.776349E+13   9.9498E-07   9.9720E-07   0.99778
FLUX 1063  5210.00        5.754175E+13   9.8783E-07   9.9011E-07   0.99770
FLUX 1064  5230.00        5.732170E+13   9.8089E-07   9.8309E-07   0.99776
FLUX 1065  5250.00        5.710333E+13   9.7430E-07   9.7615E-07   0.99811
FLUX 1066  5270.00        5.688662E+13   9.6512E-07   9.6927E-07   0.99571
FLUX 1067  5290.00        5.667155E+13   9.6055E-07   9.6247E-07   0.99800
FLUX 1068  5310.00        5.645810E+13   9.5420E-07   9.5574E-07   0.99839
FLUX 1069  5330.00        5.624625E+13   9.4741E-07   9.4909E-07   0.99823
FLUX 1070  5350.00        5.603598E+13   9.4108E-07   9.4250E-07   0.99850
FLUX 1071  5370.00        5.582728E+13   9.3249E-07   9.3598E-07   0.99628
FLUX 1072  5390.00        5.562013E+13   9.2722E-07   9.2952E-07   0.99753
FLUX 1073  5410.00        5.541451E+13   9.2198E-07   9.2313E-07   0.99875
FLUX 1074  5430.00        5.521040E+13   9.1531E-07   9.1681E-07   0.99837
FLUX 1075  5450.00        5.500780E+13   9.0945E-07   9.1055E-07   0.99879
FLUX 1076  5470.00        5.480667E+13   9.0265E-07   9.0436E-07   0.99810
FLUX 1077  5490.00        5.460701E+13   8.9709E-07   8.9823E-07   0.99873
FLUX 1078  5510.00        5.440880E+13   8.9128E-07   8.9216E-07   0.99901
FLUX 1079  5530.00        5.421202E+13   8.8203E-07   8.8615E-07   0.99535
FLUX 1080  5550.00        5.401667E+13   8.7930E-07   8.8021E-07   0.99897
FLUX 1081  5570.00        5.382271E+13   8.7359E-07   8.7432E-07   0.99917
FLUX 1082  5590.00        5.363014E+13   8.6709E-07   8.6849E-07   0.99839
FLUX 1083  5610.00        5.343895E+13   8.6199E-07   8.6272E-07   0.99915
FLUX 1084  5630.00        5.324911E+13   8.5621E-07   8.5700E-07   0.99908
FLUX 1085  5650.00        5.306062E+13   8.5088E-07   8.5134E-07   0.99945
FLUX 1086  5670.00        5.287346E+13   8.4529E-07   8.4574E-07   0.99947
FLUX 1087  5690.00        5.268761E+13   8.3962E-07   8.4019E-07   0.99932
FLUX 1088  5710.00        5.250306E+13   8.3067E-07   8.3470E-07   0.99517
FLUX 1089  5730.00        5.231981E+13   8.2889E-07   8.2926E-07   0.99955
FLUX 1090  5750.00        5.213783E+13   8.2351E-07   8.2387E-07   0.99956
FLUX 1091  5770.00        5.195711E+13   8.1817E-07   8.1854E-07   0.99954
FLUX 1092  5790.00        5.177763E+13   8.1285E-07   8.1326E-07   0.99950
FLUX 1093  5810.00        5.159940E+13   8.0771E-07   8.0802E-07   0.99961
FLUX 1094  5830.00        5.142238E+13   8.0256E-07   8.0284E-07   0.99965
FLUX 1095  5850.00        5.124658E+13   7.9777E-07   7.9802E-07   0.99968
FLUX 1096  5870.00        5.107198E+13   7.9261E-07   7.9294E-07   0.99959
FLUX 1097  5890.00        5.089856E+13   7.8733E-07   7.8790E-07   0.99928
FLUX 1098  5910.00        5.072631E+13   7.7812E-07   7.8291E-07   0.99388
FLUX 1099  5930.00        5.055523E+13   7.7765E-07   7.7796E-07   0.99960
FLUX 1100  5950.00        5.038529E+13   7.6842E-07   7.7307E-07   0.99400
FLUX 1101  5970.00        5.021650E+13   7.6792E-07   7.6821E-07   0.99961
FLUX 1102  5990.00        5.004883E+13   7.6318E-07   7.6341E-07   0.99970
FLUX 1103  6010.00        4.988228E+13   7.5836E-07   7.5865E-07   0.99962
FLUX 1104  6030.00        4.971683E+13   7.5377E-07   7.5393E-07   0.99978
FLUX 1105  6050.00        4.955248E+13   7.4911E-07   7.4926E-07   0.99980
FLUX 1106  6070.00        4.938921E+13   7.4442E-07   7.4463E-07   0.99972
FLUX 1107  6090.00        4.922701E+13   7.3977E-07   7.4004E-07   0.99964
FLUX 1108  6110.00        4.906588E+13   7.3498E-07   7.3550E-07   0.99930
FLUX 1109  6130.00        4.890579E+13   7.3080E-07   7.3099E-07   0.99974
FLUX 1110  6150.00        4.874675E+13   7.2644E-07   7.2653E-07   0.99988
FLUX 1111  6170.00        4.858874E+13   7.2202E-07   7.2211E-07   0.99987
FLUX 1112  6190.00        4.843174E+13   7.1758E-07   7.1773E-07   0.99979
FLUX 1113  6210.00        4.827576E+13   7.1331E-07   7.1338E-07   0.99989
FLUX 1114  6230.00        4.812079E+13   7.0862E-07   7.0908E-07   0.99935
FLUX 1115  6250.00        4.796680E+13   7.0467E-07   7.0482E-07   0.99979
FLUX 1116  6270.00        4.781380E+13   7.0043E-07   7.0059E-07   0.99977
FLUX 1117  6290.00        4.766176E+13   6.9305E-07   6.9640E-07   0.99518
FLUX 1118  6310.00        4.751070E+13   6.9195E-07   6.9225E-07   0.99957
FLUX 1119  6330.00        4.736058E+13   6.8807E-07   6.8814E-07   0.99990
FLUX 1120  6350.00        4.721142E+13   6.8397E-07   6.8406E-07   0.99988
FLUX 1121  6370.00        4.706319E+13   6.7993E-07   6.8002E-07   0.99987
FLUX 1122  6390.00        4.691588E+13   6.7583E-07   6.7601E-07   0.99973
FLUX 1123  6420.00        4.669665E+13   6.7002E-07   6.7007E-07   0.99993
FLUX 1124  6460.00        4.640751E+13   6.6212E-07   6.6226E-07   0.99978
FLUX 1125  6500.00        4.612192E+13   6.5435E-07   6.5459E-07   0.99964
FLUX 1126  6540.00        4.583983E+13   6.4701E-07   6.4706E-07   0.99993
FLUX 1127  6580.00        4.556117E+13   6.3951E-07   6.3965E-07   0.99978
FLUX 1128  6620.00        4.528588E+13   6.3220E-07   6.3237E-07   0.99973
FLUX 1129  6660.00        4.501389E+13   6.2517E-07   6.2521E-07   0.99993
FLUX 1130  6700.00        4.474515E+13   6.1812E-07   6.1817E-07   0.99991
FLUX 1131  6740.00        4.447960E+13   6.1096E-07   6.1125E-07   0.99952
FLUX 1132  6780.00        4.421718E+13   6.0302E-07   6.0445E-07   0.99763
FLUX 1133  6820.00        4.395784E+13   5.9747E-07   5.9776E-07   0.99951
FLUX 1134  6860.00        4.370153E+13   5.9113E-07   5.9118E-07   0.99992
FLUX 1135  6900.00        4.344819E+13   5.8464E-07   5.8471E-07   0.99988
FLUX 1136  6940.00        4.319777E+13   5.7791E-07   5.7834E-07   0.99926
FLUX 1137  6980.00        4.295021E+13   5.7203E-07   5.7208E-07   0.99992
FLUX 1138  7020.00        4.270548E+13   5.6580E-07   5.6591E-07   0.99981
FLUX 1139  7060.00        4.246353E+13   5.5978E-07   5.5985E-07   0.99989
FLUX 1140  7100.00        4.222430E+13   5.5349E-07   5.5388E-07   0.99929
FLUX 1141  7140.00        4.198774E+13   5.4798E-07   5.4801E-07   0.99994
FLUX 1142  7180.00        4.175383E+13   5.4217E-07   5.4223E-07   0.99989
FLUX 1143  7220.00        4.152251E+13   5.3641E-07   5.3654E-07   0.99975
FLUX 1144  7260.00        4.129373E+13   5.3041E-07   5.3094E-07   0.99899
FLUX 1145  7300.00        4.106747E+13   5.2542E-07   5.2543E-07   0.99998
FLUX 1146  7340.00        4.084366E+13   5.1994E-07   5.2000E-07   0.99988
FLUX 1147  7380.00        4.062229E+13   5.1463E-07   5.1466E-07   0.99995
FLUX 1148  7420.00        4.040330E+13   5.0934E-07   5.0940E-07   0.99990
FLUX 1149  7460.00        4.018666E+13   5.0229E-07   5.0421E-07   0.99617
FLUX 1150  7500.00        3.997233E+13   4.9596E-07   4.9911E-07   0.99368
FLUX 1151  7540.00        3.976028E+13   4.9403E-07   4.9409E-07   0.99990
FLUX 1152  7580.00        3.955046E+13   4.8910E-07   4.8914E-07   0.99993
FLUX 1153  7620.00        3.934285E+13   4.8423E-07   4.8426E-07   0.99994
FLUX 1154  7660.00        3.913740E+13   4.7944E-07   4.7945E-07   0.99998
FLUX 1155  7700.00        3.893409E+13   4.7469E-07   4.7472E-07   0.99993
FLUX 1156  7740.00        3.873288E+13   4.7005E-07   4.7006E-07   0.99998
FLUX 1157  7780.00        3.853374E+13   4.6484E-07   4.6546E-07   0.99866
FLUX 1158  7820.00        3.833664E+13   4.6093E-07   4.6093E-07   0.99999
FLUX 1159  7860.00        3.814154E+13   4.5647E-07   4.5647E-07   0.99999
FLUX 1160  7900.00        3.794842E+13   4.5207E-07   4.5207E-07   0.99999
FLUX 1161  7940.00        3.775724E+13   4.4773E-07   4.4774E-07   0.99998
FLUX 1162  7980.00        3.756798E+13   4.4345E-07   4.4346E-07   0.99998
FLUX 1163  8020.00        3.738061E+13   4.3922E-07   4.3925E-07   0.99993
FLUX 1164  8060.00        3.719510E+13   4.3506E-07   4.3510E-07   0.99992
FLUX 1165  8100.00        3.701142E+13   4.3100E-07   4.3100E-07   0.99999
FLUX 1166  8140.00        3.682955E+13   4.2625E-07   4.2697E-07   0.99832
FLUX 1167  8180.00        3.664945E+13   4.2294E-07   4.2299E-07   0.99990
FLUX 1168  8220.00        3.647111E+13   4.1905E-07   4.1906E-07   0.99998
FLUX 1169  8260.00        3.629449E+13   4.1518E-07   4.1519E-07   0.99998
FLUX 1170  8300.00        3.611958E+13   4.1136E-07   4.1137E-07   0.99997
FLUX 1171  8340.00        3.594634E+13   4.0754E-07   4.0761E-07   0.99985
FLUX 1172  8380.00        3.577476E+13   4.0384E-07   4.0389E-07   0.99986
FLUX 1173  8420.00        3.560481E+13   4.0020E-07   4.0023E-07   0.99993
FLUX 1174  8460.00        3.543647E+13   3.9661E-07   3.9662E-07   0.99998
FLUX 1175  8500.00        3.526971E+13   3.9304E-07   3.9305E-07   0.99997
FLUX 1176  8540.00        3.510451E+13   3.8952E-07   3.8953E-07   0.99998
FLUX 1177  8580.00        3.494085E+13   3.8602E-07   3.8606E-07   0.99990
FLUX 1178  8620.00        3.477871E+13   3.8262E-07   3.8264E-07   0.99994
FLUX 1179  8660.00        3.461807E+13   3.7861E-07   3.7926E-07   0.99830
FLUX 1180  8700.00        3.445891E+13   3.7592E-07   3.7592E-07   0.99998
FLUX 1181  8740.00        3.430120E+13   3.7224E-07   3.7263E-07   0.99895
FLUX 1182  8780.00        3.414493E+13   3.6898E-07   3.6938E-07   0.99890
FLUX 1183  8820.00        3.399008E+13   3.6615E-07   3.6618E-07   0.99992
FLUX 1184  8860.00        3.383662E+13   3.6292E-07   3.6301E-07   0.99974
FLUX 1185  8900.00        3.368455E+13   3.5986E-07   3.5989E-07   0.99992
FLUX 1186  8940.00        3.353384E+13   3.5679E-07   3.5680E-07   0.99995
FLUX 1187  8980.00        3.338447E+13   3.5372E-07   3.5376E-07   0.99988
FLUX 1188  9020.00        3.323642E+13   3.5073E-07   3.5075E-07   0.99994
FLUX 1189  9060.00        3.308968E+13   3.4770E-07   3.4779E-07   0.99976
FLUX 1190  9100.00        3.294423E+13   3.4482E-07   3.4485E-07   0.99989
FLUX 1191  9140.00        3.280005E+13   3.4193E-07   3.4196E-07   0.99991
FLUX 1192  9180.00        3.265713E+13   3.3910E-07   3.3910E-07   0.99998
FLUX 1193  9220.00        3.251546E+13   3.3628E-07   3.3628E-07   0.99999
FLUX 1194  9260.00        3.237500E+13   3.3338E-07   3.3350E-07   0.99965
FLUX 1195  9300.00        3.223575E+13   3.3074E-07   3.3074E-07   0.99999
FLUX 1196  9340.00        3.209770E+13   3.2802E-07   3.2802E-07   0.99998
FLUX 1197  9380.00        3.196082E+13   3.2476E-07   3.2534E-07   0.99822
FLUX 1198  9420.00        3.182511E+13   3.2268E-07   3.2269E-07   0.99998
FLUX 1199  9460.00        3.169054E+13   3.2006E-07   3.2007E-07   0.99997
FLUX 1200  9500.00        3.155710E+13   3.1746E-07   3.1748E-07   0.99993
FLUX 1201  9540.00        3.142479E+13   3.1475E-07   3.1492E-07   0.99944
FLUX 1202  9580.00        3.129358E+13   3.1239E-07   3.1239E-07   0.99997
FLUX 1203  9620.00        3.116346E+13   3.0988E-07   3.0990E-07   0.99994
FLUX 1204  9660.00        3.103442E+13   3.0742E-07   3.0743E-07   0.99997
FLUX 1205  9700.00        3.090644E+13   3.0499E-07   3.0500E-07   0.99999
FLUX 1206  9740.00        3.077952E+13   3.0255E-07   3.0259E-07   0.99988
FLUX 1207  9780.00        3.065363E+13   3.0018E-07   3.0021E-07   0.99991
FLUX 1208  9820.00        3.052877E+13   2.9784E-07   2.9785E-07   0.99995
FLUX 1209  9860.00        3.040492E+13   2.9533E-07   2.9553E-07   0.99933
FLUX 1210  9900.00        3.028207E+13   2.9323E-07   2.9323E-07   0.99998
FLUX 1211  9940.00        3.016021E+13   2.9094E-07   2.9096E-07   0.99992
FLUX 1212  9980.00        3.003933E+13   2.8871E-07   2.8872E-07   0.99997
FLUX 1213 10020.00        2.991941E+13   2.8649E-07   2.8650E-07   0.99997
FLUX 1214 20000.00        1.498962E+13   7.4310E-08   7.4310E-08   0.99999
FLUX 1215 40000.00        7.494812E+12   1.8750E-08   1.8750E-08   1.00000
FLUX 1216 60000.00        4.996542E+12   8.3156E-09   8.3156E-09   1.00000
FLUX 1217 80000.00        3.747406E+12   4.6589E-09   4.6589E-09   1.00000
FLUX 1218100000.00        2.997925E+12   2.9692E-09   2.9692E-09   1.00000
FLUX 1219120000.00        2.498271E+12   2.0537E-09   2.0537E-09   1.00000
FLUX 1220140000.00        2.141375E+12   1.5033E-09   1.5033E-09   1.00000
FLUX 1221160000.00        1.873703E+12   1.1470E-09   1.1470E-09   1.00000